1880.585791 1880-07-31 07:00:00 148.400000 -31.000000 10.000000 3.240000 
1880.614539 1880-08-10 19:00:00 151.900000 -28.900000 10.000000 3.490000 
1880.823305 1880-10-26 01:00:00 151.600000 -31.000000 10.000000 3.240000 
1882.816389 1882-10-24 00:00:00 139.850000 -36.830000 10.000000 3.180000 
1883.661595 1883-08-28 16:55:00 151.700000 -25.500000 10.000000 5.120000 
1887.575664 1887-07-28 06:55:00 147.000000 -31.300000 10.000000 3.750000 
1888.647109 1888-08-22 15:00:00 149.000000 -29.000000 10.000000 3.240000 
1891.016834 1891-01-05 03:34:00 151.100000 -25.400000 10.000000 3.620000 
1891.513167 1891-07-05 10:20:00 142.300000 -38.300000 10.000000 3.120000 
1896.162213 1896-02-27 11:00:00 146.500000 -16.800000 25.000000 3.890000 
1896.345073 1896-05-04 05:55:00 139.850000 -36.830000 10.000000 3.890000 
1896.382273 1896-05-17 20:00:00 141.600000 -37.200000 -9999.000000 3.120000 
1897.246530 1897-03-29 11:55:00 144.000000 -35.700000 10.000000 3.750000 
1897.275287 1897-04-09 00:00:00 140.670000 -38.070000 10.000000 3.490000 
1897.360782 1897-05-10 05:26:00 139.750000 -37.300000 14.000000 5.600000 
1897.427470 1897-06-03 14:00:00 141.500000 -37.100000 10.000000 3.120000 
1897.460895 1897-06-15 19:00:00 151.100000 -24.900000 10.000000 3.240000 
1899.282222 1899-04-12 00:25:00 142.800000 -37.100000 10.000000 3.120000 
1899.921581 1899-12-01 12:55:00 145.000000 -35.000000 10.000000 4.450000 
1900.195895 1900-03-11 17:30:00 142.500000 -38.400000 10.000000 3.120000 
1900.713075 1900-09-16 15:00:00 142.500000 -38.400000 10.000000 3.120000 
1902.587868 1902-08-02 09:05:00 143.533000 -36.133000 10.000000 3.750000 
1902.619686 1902-08-14 00:00:00 143.100000 -36.300000 10.000000 3.120000 
1903.429594 1903-06-05 19:30:00 141.600000 -38.300000 0.000000 3.120000 
1903.535342 1903-07-14 10:28:00 142.533000 -38.433000 10.000000 4.890000 
1903.620221 1903-08-14 10:30:00 142.200000 -38.000000 0.000000 3.120000 
1903.631448 1903-08-18 12:55:00 142.200000 -37.700000 0.000000 3.120000 
1905.641426 1905-08-21 16:00:00 141.500000 -36.500000 15.000000 4.820000 
1907.260262 1907-04-04 22:25:00 142.800000 -37.100000 10.000000 3.130000 
1907.339842 1907-05-04 00:00:00 142.300000 -37.100000 10.000000 3.080000 
1907.410910 1907-05-29 22:58:00 140.750000 -36.970000 10.000000 3.780000 
1908.224301 1908-03-22 01:00:00 143.600000 -36.800000 10.000000 3.170000 
1908.284649 1908-04-13 02:00:00 142.100000 -37.200000 10.000000 3.100000 
1908.814871 1908-10-23 17:50:00 143.500000 -36.500000 15.000000 3.940000 
1909.417002 1909-05-31 16:00:00 141.400000 -37.600000 10.000000 3.730000 
1910.901734 1910-11-24 22:52:42 151.200000 -25.700000 10.000000 3.880000 
1910.990758 1910-12-27 11:15:00 143.900000 -36.500000 10.000000 3.190000 
1911.653104 1911-08-26 09:15:00 141.800000 -37.300000 10.000000 3.010000 
1911.822123 1911-10-27 02:50:00 143.600000 -36.800000 10.000000 3.170000 
1912.613882 1912-08-11 07:15:00 143.500000 -36.800000 10.000000 3.950000 
1913.187645 1913-03-08 20:45:00 140.750000 -36.970000 10.000000 3.230000 
1913.334989 1913-05-01 16:20:00 152.500000 -27.000000 10.000000 4.030000 
1913.920806 1913-12-01 15:30:00 139.850000 -36.830000 10.000000 3.560000 
1913.967167 1913-12-18 13:53:40 147.000000 -20.000000 35.000000 4.970000 
1916.635044 1916-08-19 00:00:00 139.850000 -36.830000 10.000000 2.760000 
1918.433193 1918-06-06 18:14:25 152.500000 -23.500000 10.000000 5.870000 
1920.393411 1920-05-22 17:08:50 142.000000 -23.000000 33.000000 3.270000 
1921.414391 1921-05-30 14:51:59 145.000000 -35.000000 10.000000 5.010000 
1922.941860 1922-12-09 12:22:00 142.500000 -38.500000 10.000000 3.100000 
1932.392941 1932-05-22 10:46:28 148.300000 -32.300000 30.000000 4.140000 
1932.597055 1932-08-05 00:00:00 142.000000 -37.600000 10.000000 3.100000 
1932.802132 1932-10-18 21:40:00 143.400000 -36.000000 10.000000 3.830000 
1932.821921 1932-10-26 03:08:00 144.000000 -36.500000 10.000000 4.360000 
1935.280382 1935-04-12 01:32:24 151.670000 -25.500000 10.000000 4.270000 
1937.059276 1937-01-20 19:00:00 153.000000 -26.600000 10.000000 2.800000 
1937.091015 1937-02-01 09:12:43 148.500000 -16.500000 -9999.000000 4.090000 
1938.491619 1938-06-27 22:38:47 151.600000 -29.900000 10.000000 3.470000 
1940.118732 1940-02-12 05:37:00 151.670000 -25.500000 10.000000 2.750000 
1942.275906 1942-04-10 03:00:00 145.700000 -16.200000 10.000000 3.180000 
1947.445884 1947-06-11 10:03:13 152.700000 -25.480000 25.000000 3.980000 
1950.264308 1950-04-05 19:50:12 149.600000 -21.200000 14.000000 2.970000 
1950.468415 1950-06-19 09:00:00 145.500000 -17.512000 12.000000 2.760000 
1952.000226 1951-12-30 20:34:03 150.800000 -25.700000 10.000000 3.780000 
1952.482688 1952-06-24 01:44:04 152.800000 -25.500000 30.000000 4.560000 
1953.106029 1953-02-06 17:49:31 150.700000 -24.700000 10.000000 2.890000 
1953.927160 1953-12-03 15:42:49 151.400000 -24.500000 25.000000 3.670000 
1954.342338 1954-05-04 07:05:00 146.000000 -17.700000 10.000000 2.690000 
1954.720573 1954-09-19 10:37:06 148.600000 -28.500000 10.000000 4.630000 
1954.727175 1954-09-21 20:29:22 152.000000 -25.300000 15.000000 3.030000 
1955.090252 1955-02-01 11:09:30 151.800000 -26.150000 15.000000 3.020000 
1955.694766 1955-09-10 06:12:54 151.600000 -25.500000 10.000000 3.170000 
1955.919201 1955-12-01 05:33:51 151.700000 -25.100000 10.000000 3.090000 
1956.080537 1956-01-29 03:48:35 151.500000 -25.800000 10.000000 2.990000 
1956.232509 1956-03-24 15:58:00 152.700000 -26.700000 10.000000 3.320000 
1956.920397 1956-11-30 21:51:40 153.700000 -27.500000 10.000000 2.820000 
1957.253734 1957-04-01 15:49:54 151.000000 -25.500000 10.000000 2.820000 
1957.266596 1957-04-06 08:35:00 143.317000 -35.917000 10.000000 3.860000 
1957.330505 1957-04-29 16:47:54 151.700000 -25.200000 10.000000 2.730000 
1957.418057 1957-05-31 16:15:48 145.600000 -18.500000 0.000000 2.930000 
1957.780123 1957-10-10 22:03:49 146.500000 -17.100000 10.000000 2.510000 
1957.906869 1957-11-26 05:05:39 145.600000 -18.600000 0.000000 2.990000 
1958.760763 1958-10-04 02:10:20 145.600000 -18.500000 -9999.000000 2.930000 
1958.848730 1958-11-05 05:16:03 145.500000 -18.700000 -9999.000000 2.990000 
1958.920523 1958-12-01 10:35:31 146.500000 -16.800000 10.000000 4.370000 
1959.006439 1959-01-01 19:43:20 146.000000 -16.750000 10.000000 2.650000 
1959.009177 1959-01-02 19:43:24 146.500000 -17.000000 10.000000 2.920000 
1959.784196 1959-10-12 21:23:40 151.750000 -30.950000 10.000000 4.240000 
1959.902739 1959-11-25 04:31:02 147.700000 -19.700000 10.000000 2.830000 
1960.671685 1960-09-01 00:57:12 147.100000 -33.800000 0.000000 3.300000 
1960.750085 1960-09-29 16:11:26 145.400000 -17.800000 0.000000 2.980000 
1960.804321 1960-10-19 11:37:06 149.500000 -21.200000 5.000000 3.720000 
1960.882966 1960-11-17 05:00:17 152.830000 -27.330000 15.000000 3.680000 
1961.082936 1961-01-29 05:54:00 147.500000 -33.000000 0.000000 3.640000 
1961.376004 1961-05-16 06:52:47 147.270000 -30.850000 0.000000 4.180000 
1961.483082 1961-06-24 09:30:37 145.600000 -17.800000 10.000000 3.030000 
1961.635600 1961-08-19 02:26:51 144.700000 -15.800000 10.000000 3.640000 
1961.994851 1961-12-28 07:34:35 141.570000 -28.120000 10.000000 3.440000 
1962.031816 1962-01-10 19:36:25 139.800000 -36.350000 0.000000 4.060000 
1962.566003 1962-07-24 22:11:39 151.200000 -25.500000 10.000000 3.080000 
1962.709471 1962-09-15 07:48:00 145.800000 -34.900000 0.000000 3.050000 
1963.121098 1963-02-12 16:02:51 146.600000 -20.250000 10.000000 2.900000 
1963.240248 1963-03-28 04:29:52 146.200000 -17.600000 7.000000 3.160000 
1963.246657 1963-03-30 12:40:27 140.900000 -27.200000 0.000000 2.690000 
1963.369329 1963-05-14 07:59:45 150.700000 -24.700000 10.000000 2.890000 
1963.388464 1963-05-21 07:43:46 151.000000 -25.500000 10.000000 2.680000 
1963.465034 1963-06-18 06:55:29 151.500000 -25.000000 10.000000 2.850000 
1963.477461 1963-06-22 19:51:30 144.000000 -18.150000 15.000000 3.350000 
1964.042970 1964-01-15 09:00:13 144.000000 -18.150000 15.000000 3.970000 
1964.174073 1964-03-03 06:13:35 151.700000 -25.400000 0.000000 4.230000 
1964.234308 1964-03-25 06:14:37 151.400000 -25.300000 8.000000 3.690000 
1964.493808 1964-06-28 00:58:00 143.970000 -35.140000 33.000000 2.980000 
1964.948306 1964-12-11 01:00:54 139.700000 -37.380000 1.000000 2.790000 
1965.045620 1965-01-15 14:02:44 143.390000 -35.950000 0.000000 3.840000 
1965.133091 1965-02-16 12:48:12 144.000000 -18.150000 15.000000 3.350000 
1965.427096 1965-06-03 21:59:56 150.220000 -28.080000 10.000000 4.760000 
1965.466291 1965-06-18 05:34:03 139.858000 -37.914000 0.000000 2.760000 
1965.765995 1965-10-05 16:43:15 152.550000 -28.470000 10.000000 3.680000 
1966.707916 1966-09-14 17:25:36 141.643000 -31.895000 12.200000 3.260000 
1966.743031 1966-09-27 13:14:15 146.500000 -17.100000 10.000000 3.500000 
1966.886587 1966-11-18 23:37:26 140.104000 -32.001000 4.400000 2.900000 
1967.041271 1967-01-14 11:32:58 145.950000 -29.190000 47.000000 3.370000 
1967.112452 1967-02-09 11:30:50 144.700000 -15.800000 10.000000 3.880000 
1967.214798 1967-03-18 20:39:22 148.400000 -19.000000 10.000000 2.740000 
1967.533594 1967-07-13 07:09:46 144.000000 -18.150000 15.000000 3.730000 
1967.547356 1967-07-18 07:48:04 151.300000 -25.600000 25.000000 3.600000 
1967.794152 1967-10-16 11:10:00 145.050000 -35.320000 0.000000 3.450000 
1967.888525 1967-11-19 22:25:14 144.000000 -18.150000 15.000000 3.970000 
1967.891447 1967-11-21 00:02:00 137.892000 -36.838000 6.300000 3.050000 
1968.635790 1968-08-18 20:48:17 146.130000 -34.680000 0.000000 2.940000 
1969.004876 1968-12-31 16:08:33 149.260000 -31.040000 0.000000 4.560000 
1969.014715 1969-01-04 06:23:39 148.250000 -32.700000 0.000000 3.560000 
1969.076137 1969-01-26 16:48:20 140.887000 -32.271000 16.300000 3.430000 
1969.764829 1969-10-05 05:44:54 144.730000 -35.750000 4.000000 3.510000 
1969.876455 1969-11-15 00:14:30 139.845000 -37.123000 8.800000 3.100000 
1970.380207 1970-05-18 00:02:24 148.580000 -32.220000 0.000000 2.850000 
1970.606548 1970-08-08 16:05:53 148.350000 -29.080000 0.000000 4.150000 
1970.624398 1970-08-15 04:34:21 148.580000 -32.230000 0.000000 3.130000 
1970.840009 1970-11-01 22:34:35 148.670000 -32.310000 19.000000 2.990000 
1970.908115 1970-11-26 19:34:49 144.240000 -36.170000 12.000000 3.530000 
1971.385863 1971-05-20 07:25:53 148.680000 -32.270000 0.000000 3.140000 
1971.615083 1971-08-12 00:44:01 139.769000 -38.647000 4.400000 3.070000 
1972.334293 1972-04-30 17:11:23 150.150000 -31.010000 0.000000 3.680000 
1972.347567 1972-05-05 13:32:50 146.500000 -19.000000 -9999.000000 3.240000 
1972.423553 1972-06-02 07:37:46 148.730000 -32.220000 0.000000 3.180000 
1972.662336 1972-08-28 12:45:11 142.090000 -38.660000 10.000000 3.260000 
1972.899311 1972-11-23 02:02:00 148.580000 -32.180000 0.000000 3.250000 
1973.024965 1973-01-07 23:29:42 148.580000 -32.280000 6.000000 3.410000 
1973.127193 1973-02-14 07:36:20 148.520000 -32.220000 0.000000 3.390000 
1974.101143 1974-02-05 01:04:00 152.000000 -28.200000 10.000000 3.360000 
1974.293404 1974-04-16 06:23:18 144.760000 -35.890000 0.000000 2.820000 
1974.349363 1974-05-06 16:55:00 146.000000 -17.400000 10.000000 2.750000 
1974.648687 1974-08-24 00:44:11 144.050000 -35.940000 0.000000 3.730000 
1974.724825 1974-09-20 20:09:02 149.290000 -31.670000 0.000000 3.440000 
1974.725980 1974-09-21 06:16:15 148.480000 -31.980000 0.000000 3.760000 
1974.762074 1974-10-04 10:39:53 144.240000 -36.210000 0.000000 3.450000 
1974.795611 1974-10-16 16:38:34 142.280000 -31.440000 0.000000 3.150000 
1974.978453 1974-12-22 11:23:58 142.545000 -30.577000 33.000000 3.300000 
1974.982904 1974-12-24 02:25:08 153.190000 -22.110000 63.000000 4.490000 
1974.991296 1974-12-27 03:58:45 144.150000 -36.060000 0.000000 3.340000 
1974.993684 1974-12-28 00:55:00 147.470000 -33.380000 8.000000 3.190000 
1975.016825 1975-01-05 11:46:07 144.213000 -36.036000 30.680000 3.060000 
1975.095217 1975-02-03 02:55:59 144.221000 -36.039000 28.550000 3.200000 
1975.206379 1975-03-15 17:21:41 144.300000 -36.070000 0.000000 2.820000 
1975.261745 1975-04-04 22:41:13 143.280000 -36.090000 32.000000 2.930000 
1975.346025 1975-05-05 17:28:09 144.200000 -36.070000 10.000000 3.410000 
1975.346150 1975-05-05 18:34:03 143.470000 -35.660000 10.000000 2.780000 
1975.353125 1975-05-08 07:42:30 140.800000 -36.700000 10.000000 2.840000 
1975.457781 1975-06-15 13:06:05 139.257000 -37.406000 7.700000 3.500000 
1975.478482 1975-06-23 02:33:48 139.133000 -37.563000 23.800000 3.160000 
1975.562162 1975-07-23 16:05:15 145.480000 -34.080000 0.000000 2.700000 
1975.683787 1975-09-06 02:13:38 144.480000 -35.750000 10.000000 3.050000 
1975.710292 1975-09-15 18:34:15 147.300000 -30.200000 32.000000 3.210000 
1975.868170 1975-11-12 10:29:46 151.900000 -25.600000 10.000000 3.040000 
1975.896580 1975-11-22 19:31:57 140.060000 -38.189000 18.000000 4.070000 
1975.924566 1975-12-03 00:50:58 144.440000 -35.930000 10.000000 2.910000 
1976.050959 1976-01-18 04:47:12 142.111000 -37.349000 3.750000 2.810000 
1976.161269 1976-02-27 11:44:54 144.600000 -33.500000 -9999.000000 3.200000 
1976.186270 1976-03-07 14:54:17 141.068000 -36.518000 5.930000 2.830000 
1976.191213 1976-03-09 10:13:41 144.000000 -18.200000 15.000000 2.930000 
1976.338893 1976-05-02 08:45:58 140.247000 -37.895000 10.000000 2.900000 
1976.370183 1976-05-13 19:02:36 141.600000 -24.590000 10.000000 3.010000 
1976.448536 1976-06-11 09:52:21 145.530000 -34.620000 0.000000 3.330000 
1976.504156 1976-07-01 17:25:43 142.169000 -38.022000 12.230000 3.070000 
1976.533855 1976-07-12 13:45:43 140.451000 -37.565000 4.000000 3.380000 
1976.623068 1976-08-14 03:47:15 139.158000 -37.848000 33.000000 3.720000 
1976.639179 1976-08-20 01:00:50 144.210000 -36.031000 12.490000 3.170000 
1976.693568 1976-09-08 21:46:52 144.830000 -35.778000 15.030000 3.420000 
1976.729933 1976-09-22 04:33:09 154.000000 -28.000000 10.000000 3.440000 
1976.754144 1976-10-01 00:46:39 150.700000 -24.600000 10.000000 3.300000 
1977.120886 1977-02-11 23:34:23 141.310000 -32.473000 13.800000 3.520000 
1977.179124 1977-03-05 06:04:11 150.350000 -28.136000 33.000000 4.260000 
1977.628757 1977-08-16 11:28:20 142.498000 -36.522000 17.170000 3.300000 
1977.659060 1977-08-27 13:06:15 150.687000 -29.875000 8.000000 3.320000 
1977.707946 1977-09-14 09:37:46 144.192000 -36.040000 5.620000 3.170000 
1977.767541 1977-10-06 04:01:45 153.358000 -29.489000 1.000000 2.920000 
1977.847473 1977-11-04 08:41:45 153.680000 -24.725000 9.000000 3.050000 
1977.855299 1977-11-07 05:17:40 136.936000 -37.368000 9.900000 3.120000 
1977.872795 1977-11-13 14:39:58 151.442000 -24.824000 9.000000 2.710000 
1977.968752 1977-12-18 15:48:30 146.810000 -34.010000 1.000000 2.890000 
1978.131365 1978-02-16 01:14:36 139.921000 -37.123000 34.100000 3.260000 
1978.230298 1978-03-24 04:27:55 150.769000 -26.037000 8.000000 3.150000 
1978.321496 1978-04-26 11:53:22 152.390000 -27.220000 22.000000 2.870000 
1978.398812 1978-05-24 17:37:59 146.600000 -20.700000 10.000000 3.310000 
1978.738169 1978-09-25 16:21:58 144.377000 -35.210000 14.430000 2.980000 
1978.863835 1978-11-10 13:55:59 151.341000 -24.140000 1.000000 3.100000 
1978.904885 1978-11-25 13:46:09 152.128000 -30.686000 11.090000 2.920000 
1978.913531 1978-11-28 17:33:34 152.520000 -23.337000 0.000000 4.210000 
1978.946319 1978-12-10 16:58:27 150.448000 -24.450000 0.000000 3.050000 
1978.950054 1978-12-12 01:42:50 151.000000 -25.000000 10.000000 3.210000 
1978.963798 1978-12-17 02:11:41 145.220000 -34.770000 0.000000 3.160000 
1978.991172 1978-12-27 02:08:59 144.337000 -36.131000 12.650000 2.810000 
1979.039029 1979-01-13 13:38:53 140.179000 -37.899000 13.280000 3.130000 
1979.165132 1979-02-28 15:02:43 152.376000 -24.002000 8.000000 3.160000 
1979.201246 1979-03-13 19:37:10 145.670000 -34.720000 0.000000 3.300000 
1979.329684 1979-04-29 17:28:43 141.096000 -32.287000 8.530000 2.810000 
1979.375958 1979-05-16 15:06:16 153.955000 -25.348000 8.000000 3.460000 
1979.398099 1979-05-24 17:11:26 153.040000 -24.560000 8.000000 3.200000 
1979.414661 1979-05-30 18:22:16 139.208000 -38.071000 31.910000 2.770000 
1979.442746 1979-06-10 00:33:25 140.265000 -28.306000 15.310000 3.210000 
1979.468533 1979-06-19 10:36:22 151.140000 -24.484000 9.000000 2.850000 
1979.474018 1979-06-21 10:41:13 144.000000 -18.200000 15.000000 3.080000 
1979.562676 1979-07-23 19:50:51 142.432000 -36.305000 15.310000 2.850000 
1979.685116 1979-09-06 13:07:58 152.980000 -30.870000 10.000000 3.250000 
1979.802753 1979-10-19 12:18:58 146.218000 -34.608000 16.590000 3.260000 
1979.863428 1979-11-10 16:10:40 143.654000 -35.591000 6.900000 2.900000 
1979.918813 1979-11-30 21:40:18 147.580000 -33.390000 48.000000 3.030000 
1980.004255 1980-01-01 02:38:22 153.399000 -25.680000 0.000000 3.040000 
1980.055547 1980-01-19 20:15:27 150.464000 -31.115000 10.000000 3.330000 
1980.108530 1980-02-08 04:42:07 150.537000 -21.794000 9.000000 3.760000 
1980.110239 1980-02-08 19:40:50 141.620000 -24.710000 0.000000 3.440000 
1980.134536 1980-02-17 16:39:42 145.510000 -34.890000 12.000000 3.170000 
1980.233989 1980-03-25 00:26:50 152.895000 -23.794000 9.000000 3.410000 
1980.262653 1980-04-04 11:42:28 144.177000 -36.011000 6.190000 2.870000 
1980.266565 1980-04-05 22:00:20 143.667000 -36.740000 3.680000 2.830000 
1980.266891 1980-04-06 00:51:35 149.316000 -28.788000 0.000000 3.350000 
1980.337324 1980-05-01 18:16:00 141.489000 -29.589000 17.140000 2.910000 
1980.436251 1980-06-06 21:26:10 144.000000 -18.200000 15.000000 2.930000 
1980.620679 1980-08-13 06:05:45 151.490000 -30.130000 0.000000 3.220000 
1980.682624 1980-09-04 21:05:44 150.937000 -29.126000 1.000000 4.150000 
1980.699911 1980-09-11 04:37:48 144.000000 -18.100000 15.000000 2.740000 
1980.716775 1980-09-17 08:27:45 141.316000 -32.196000 7.130000 2.820000 
1980.739745 1980-09-25 17:48:42 150.678000 -29.870000 0.000000 2.870000 
1980.757558 1980-10-02 05:57:10 137.136000 -37.036000 22.900000 2.840000 
1980.767395 1980-10-05 20:11:18 141.929000 -37.069000 12.050000 2.890000 
1980.880122 1980-11-16 00:19:59 153.353000 -22.007000 8.000000 3.230000 
1980.901449 1980-11-23 19:16:36 143.432000 -35.398000 10.000000 2.790000 
1980.923990 1980-12-02 00:52:07 149.212000 -28.370000 9.000000 3.350000 
1980.992871 1980-12-27 04:40:08 143.693000 -35.537000 17.170000 3.430000 
1981.013934 1981-01-03 21:17:46 150.350000 -30.530000 0.000000 3.250000 
1981.024825 1981-01-07 20:46:04 140.151000 -32.823000 11.970000 2.860000 
1981.040707 1981-01-13 15:59:23 151.380000 -29.630000 0.000000 2.850000 
1981.096973 1981-02-03 05:12:15 151.970000 -30.280000 0.000000 2.730000 
1981.175116 1981-03-03 18:11:34 144.495000 -35.849000 5.000000 2.900000 
1981.232655 1981-03-24 18:34:16 152.263000 -27.655000 19.700000 2.930000 
1981.234434 1981-03-25 10:09:48 152.653000 -24.954000 10.000000 2.690000 
1981.265090 1981-04-05 14:52:55 143.267000 -35.860000 12.320000 3.000000 
1981.358097 1981-05-09 14:09:56 144.373000 -36.027000 14.950000 2.860000 
1981.360891 1981-05-10 14:39:37 150.730000 -26.330000 19.000000 3.730000 
1981.378262 1981-05-16 22:55:35 141.664000 -38.480000 12.520000 3.230000 
1981.582721 1981-07-30 15:10:33 151.240000 -30.580000 0.000000 3.070000 
1981.616534 1981-08-11 23:34:41 150.240000 -28.650000 0.000000 2.700000 
1981.638743 1981-08-20 02:15:31 142.400000 -30.574000 32.200000 2.950000 
1981.687250 1981-09-06 19:27:34 149.407000 -30.777000 0.000000 3.890000 
1981.708418 1981-09-14 13:01:07 152.717000 -24.201000 14.000000 2.830000 
1981.727860 1981-09-21 15:26:21 144.473000 -35.759000 8.000000 3.430000 
1981.781934 1981-10-11 09:26:34 151.750000 -29.640000 7.000000 3.310000 
1981.813800 1981-10-23 00:46:39 151.300000 -29.320000 0.000000 3.640000 
1981.867765 1981-11-11 17:49:36 151.020000 -30.260000 7.000000 3.620000 
1981.905565 1981-11-25 13:10:03 149.350000 -31.340000 0.000000 3.540000 
1981.979763 1981-12-22 15:34:25 146.335000 -17.572000 8.700000 3.210000 
1982.072380 1982-01-25 11:26:08 149.200000 -28.470000 10.000000 2.900000 
1982.176258 1982-03-04 10:01:00 151.280000 -29.820000 12.000000 3.760000 
1982.182101 1982-03-06 13:13:44 149.400000 -28.300000 10.000000 2.820000 
1982.202206 1982-03-13 21:28:15 146.650000 -33.900000 0.000000 3.450000 
1982.214188 1982-03-18 06:30:12 151.150000 -29.180000 0.000000 3.030000 
1982.266914 1982-04-06 12:41:19 145.161000 -35.422000 1.370000 2.850000 
1982.338015 1982-05-02 11:56:52 144.204000 -35.981000 6.690000 3.230000 
1982.441211 1982-06-09 04:32:46 151.570000 -29.660000 2.000000 3.620000 
1982.825552 1982-10-27 13:36:25 141.536000 -31.921000 2.860000 2.680000 
1982.863417 1982-11-10 09:31:18 137.437000 -37.945000 17.560000 3.560000 
1982.900397 1982-11-23 21:41:00 146.146000 -21.153000 18.000000 2.870000 
1982.902677 1982-11-24 17:40:17 150.847000 -25.516000 0.000000 2.730000 
1982.905534 1982-11-25 18:42:29 139.919000 -36.968000 22.200000 3.640000 
1982.961595 1982-12-16 06:07:52 151.920000 -28.800000 10.000000 3.060000 
1982.962539 1982-12-16 14:24:10 151.683000 -25.451000 10.000000 2.780000 
1982.983392 1982-12-24 05:12:00 151.550000 -29.650000 10.000000 3.250000 
1983.079817 1983-01-28 10:26:39 144.026000 -34.949000 8.730000 2.720000 
1983.086533 1983-01-30 21:18:49 151.356000 -25.914000 0.000000 3.480000 
1983.105917 1983-02-06 23:13:51 151.330000 -31.080000 25.000000 4.200000 
1983.151578 1983-02-23 15:29:06 141.642000 -31.931000 14.840000 2.690000 
1983.186171 1983-03-08 06:43:30 142.001000 -29.982000 5.650000 3.220000 
1983.212227 1983-03-17 19:07:37 149.441000 -18.072000 25.500000 2.980000 
1983.228896 1983-03-23 21:14:36 142.230000 -37.533000 14.200000 3.340000 
1983.272510 1983-04-08 19:33:15 142.068000 -29.786000 45.000000 4.830000 
1983.320599 1983-04-26 09:05:45 146.800000 -33.060000 0.000000 3.330000 
1983.353818 1983-05-08 12:17:16 143.519000 -34.451000 17.220000 3.500000 
1983.358963 1983-05-10 09:23:14 146.000000 -34.650000 0.000000 3.200000 
1983.393156 1983-05-22 21:06:37 144.500000 -35.729000 0.000000 2.930000 
1983.456552 1983-06-15 00:50:07 140.728000 -38.583000 10.000000 3.350000 
1983.472149 1983-06-20 17:32:58 141.885000 -30.453000 16.550000 4.000000 
1983.585551 1983-08-01 03:36:47 146.290000 -34.590000 0.000000 3.100000 
1983.616135 1983-08-12 07:42:22 147.500000 -32.300000 0.000000 3.340000 
1983.756885 1983-10-02 17:29:36 137.937000 -37.781000 13.840000 2.790000 
1983.765821 1983-10-05 23:49:30 151.190000 -30.360000 0.000000 3.680000 
1983.785657 1983-10-13 05:42:24 144.196000 -35.986000 6.020000 3.090000 
1983.848520 1983-11-05 04:44:47 141.891000 -37.922000 2.600000 2.930000 
1983.870646 1983-11-13 06:42:12 146.799000 -21.035000 4.500000 3.220000 
1983.938196 1983-12-07 22:49:59 144.225000 -36.004000 6.170000 2.870000 
1984.040116 1984-01-14 04:14:56 151.853000 -26.508000 0.280000 3.000000 
1984.049575 1984-01-17 15:09:22 151.440000 -30.457000 18.200000 3.230000 
1984.051638 1984-01-18 09:14:43 150.439000 -25.880000 0.000000 2.770000 
1984.303251 1984-04-19 06:50:18 146.521000 -21.766000 13.500000 3.010000 
1984.449079 1984-06-11 13:08:22 139.155000 -37.339000 8.680000 2.900000 
1984.547776 1984-07-17 14:18:00 151.233000 -30.508000 1.000000 3.080000 
1984.581066 1984-07-29 18:06:38 144.232000 -36.023000 9.330000 3.150000 
1984.656505 1984-08-26 07:23:46 142.389000 -39.153000 17.210000 3.650000 
1984.750796 1984-09-29 17:55:48 152.646000 -22.925000 0.000000 2.730000 
1984.834367 1984-10-30 06:29:48 151.965000 -26.313000 6.490000 4.140000 
1984.904674 1984-11-24 22:48:01 150.703000 -24.698000 30.000000 3.720000 
1985.009917 1985-01-02 09:20:33 150.764000 -30.039000 0.000000 2.880000 
1985.077763 1985-01-27 04:03:46 152.292000 -24.507000 8.300000 3.250000 
1985.087874 1985-01-30 20:41:29 140.940000 -26.583000 0.000000 2.890000 
1985.100561 1985-02-04 11:54:34 150.720000 -24.718000 10.100000 2.820000 
1985.111112 1985-02-08 08:23:41 153.623000 -25.119000 16.600000 3.740000 
1985.432899 1985-06-05 21:07:12 149.372000 -27.979000 3.000000 3.690000 
1985.447491 1985-06-11 05:01:50 143.397000 -36.137000 2.580000 2.860000 
1985.487749 1985-06-25 21:55:37 142.284000 -36.982000 13.790000 3.480000 
1985.574769 1985-07-27 16:43:46 148.483000 -19.281000 5.000000 3.560000 
1985.575967 1985-07-28 03:13:25 151.711000 -24.336000 9.000000 3.180000 
1985.590690 1985-08-02 12:16:58 149.203000 -19.443000 9.800000 4.410000 
1985.598313 1985-08-05 07:06:28 153.809000 -25.854000 5.600000 2.800000 
1985.617470 1985-08-12 07:02:07 149.259000 -28.709000 0.000000 4.080000 
1985.639361 1985-08-20 06:55:43 150.592000 -30.258000 10.000000 3.490000 
1985.657621 1985-08-26 22:59:16 141.932000 -30.644000 38.000000 3.250000 
1985.730039 1985-09-22 09:47:50 141.518000 -30.337000 30.000000 3.410000 
1985.777575 1985-10-09 18:29:02 146.740000 -33.070000 -9999.000000 2.970000 
1985.790043 1985-10-14 07:46:31 148.915000 -28.572000 10.000000 2.780000 
1985.924034 1985-12-02 06:19:00 151.725000 -25.392000 10.000000 3.350000 
1985.974807 1985-12-20 19:22:58 150.909000 -30.478000 9.900000 3.340000 
1986.025749 1986-01-08 09:55:55 152.526000 -27.076000 8.700000 3.310000 
1986.277534 1986-04-10 09:02:10 153.401000 -23.956000 4.300000 3.000000 
1986.278658 1986-04-10 18:53:04 144.851000 -35.798000 5.400000 4.110000 
1986.315374 1986-04-24 04:43:45 143.379000 -36.147000 0.850000 3.280000 
1986.322949 1986-04-26 23:08:04 151.288000 -30.364000 10.000000 3.010000 
1986.364843 1986-05-12 06:22:05 149.465000 -27.487000 2.800000 2.730000 
1986.383370 1986-05-19 00:46:28 152.816000 -27.276000 10.500000 2.890000 
1986.518177 1986-07-07 06:27:42 151.188000 -29.914000 0.000000 3.280000 
1986.537816 1986-07-14 10:36:39 144.210000 -35.990000 10.880000 3.260000 
1986.565966 1986-07-24 17:22:31 153.087000 -24.037000 10.000000 2.990000 
1986.578372 1986-07-29 06:07:17 141.078000 -38.170000 3.640000 2.820000 
1986.592024 1986-08-03 05:47:30 143.543000 -34.366000 17.170000 2.880000 
1986.670067 1986-08-31 17:53:56 151.240000 -30.260000 9.000000 3.430000 
1986.729897 1986-09-22 14:21:44 145.566000 -34.264000 17.170000 3.860000 
1986.738113 1986-09-25 14:22:38 143.858000 -22.626000 0.200000 2.940000 
1986.773162 1986-10-08 09:36:54 141.304000 -29.951000 0.390000 2.790000 
1986.795211 1986-10-16 10:53:27 147.370000 -33.000000 0.000000 3.030000 
1986.871544 1986-11-13 08:00:30 139.042000 -37.949000 32.400000 2.870000 
1986.932481 1986-12-05 14:10:20 148.200000 -32.060000 -9999.000000 3.040000 
1987.008823 1987-01-02 11:22:17 143.974000 -34.473000 12.040000 2.720000 
1987.108921 1987-02-08 00:49:01 152.543000 -29.083000 6.700000 3.130000 
1987.162433 1987-02-27 13:53:37 138.761000 -37.261000 0.660000 3.090000 
1987.176347 1987-03-04 15:51:25 144.471000 -35.734000 13.590000 2.880000 
1987.218345 1987-03-20 00:00:06 137.244000 -37.187000 38.000000 2.790000 
1987.252049 1987-04-01 07:26:40 151.271000 -25.934000 0.000000 3.030000 
1987.274317 1987-04-09 10:38:41 151.017000 -30.867000 10.000000 3.460000 
1987.544066 1987-07-16 23:12:57 144.490000 -35.743000 3.650000 2.860000 
1987.743113 1987-09-27 16:01:26 147.825000 -19.304000 9.000000 4.470000 
1987.746262 1987-09-28 19:37:38 150.641000 -29.394000 0.000000 3.490000 
1987.835064 1987-10-31 06:02:50 152.841000 -23.828000 10.000000 3.580000 
1987.847557 1987-11-04 19:33:24 150.611000 -24.708000 9.500000 3.140000 
1987.863098 1987-11-10 11:47:16 150.978000 -29.739000 10.000000 2.900000 
1987.960879 1987-12-16 04:55:06 142.800600 -24.864200 10.000000 3.560000 
1987.978469 1987-12-22 15:06:31 141.479000 -36.158000 15.700000 4.740000 
1987.991265 1987-12-27 07:16:43 153.673000 -24.111000 10.000000 3.270000 
1988.043644 1988-01-15 10:25:09 148.912000 -29.723000 5.000000 3.180000 
1988.151737 1988-02-23 21:56:42 145.605000 -31.472000 8.000000 2.810000 
1988.159018 1988-02-26 13:46:19 149.071000 -19.490000 4.000000 3.340000 
1988.252584 1988-03-31 17:57:03 142.083000 -29.080000 4.000000 2.780000 
1988.276156 1988-04-09 08:34:43 137.011000 -37.105000 10.000000 2.790000 
1988.309944 1988-04-21 16:45:34 144.463000 -35.670000 7.460000 3.340000 
1988.508856 1988-07-03 08:23:10 144.496000 -35.672000 3.630000 3.960000 
1988.603300 1988-08-06 20:15:32 144.516000 -35.724000 3.310000 2.960000 
1988.625561 1988-08-14 23:23:57 152.333000 -27.561000 9.570000 3.980000 
1988.644899 1988-08-22 00:54:46 141.751000 -29.964000 4.570000 3.070000 
1988.689415 1988-09-07 07:07:42 141.640000 -31.427000 26.000000 3.620000 
1988.833355 1988-10-29 20:52:43 151.291000 -24.913000 10.000000 3.350000 
1988.852945 1988-11-06 00:35:55 144.424000 -35.793000 13.010000 2.840000 
1988.854200 1988-11-06 11:36:25 142.913000 -36.499000 3.620000 3.110000 
1988.935859 1988-12-06 07:24:31 152.393000 -26.432000 5.000000 2.910000 
1988.987657 1988-12-25 05:27:57 144.147000 -35.986000 9.900000 2.980000 
1989.060238 1989-01-20 17:41:37 144.411000 -35.637000 11.190000 3.130000 
1989.237816 1989-03-26 14:18:43 151.205000 -21.390000 19.000000 3.390000 
1989.367864 1989-05-13 02:17:02 147.000000 -30.362000 15.000000 3.170000 
1989.381081 1989-05-17 22:08:34 138.936000 -38.177000 32.220000 3.220000 
1989.396368 1989-05-23 12:08:56 143.978000 -28.843000 5.000000 3.710000 
1989.399961 1989-05-24 19:38:35 144.441000 -35.684000 5.450000 3.070000 
1989.473864 1989-06-20 19:27:47 151.308000 -30.321000 10.000000 2.870000 
1989.532849 1989-07-12 08:30:42 150.292000 -24.805000 0.000000 3.130000 
1989.540445 1989-07-15 03:06:05 144.501000 -35.730000 8.580000 3.340000 
1989.606589 1989-08-08 06:54:28 141.152000 -27.923000 6.680000 3.140000 
1989.727086 1989-09-21 07:09:31 147.133000 -33.674000 8.180000 2.970000 
1989.826739 1989-10-27 16:42:01 144.261000 -17.135000 12.800000 3.410000 
1989.858272 1989-11-08 05:06:30 140.056000 -37.547000 13.250000 3.770000 
1989.860090 1989-11-08 21:02:58 150.478000 -29.824000 9.980000 3.220000 
1989.880816 1989-11-16 10:43:30 146.349000 -17.463000 18.900000 4.170000 
1989.889176 1989-11-19 12:00:46 148.763000 -19.358000 10.300000 3.130000 
1989.889247 1989-11-19 12:37:50 148.991000 -19.790000 3.900000 3.100000 
1990.004919 1989-12-31 18:35:36 147.112000 -33.708000 11.400000 3.040000 
1990.066628 1990-01-23 07:31:29 152.613000 -24.676000 7.900000 3.040000 
1990.118842 1990-02-11 09:12:54 142.664000 -31.214000 6.170000 2.960000 
1990.131853 1990-02-16 03:16:00 142.668000 -37.320000 16.220000 2.920000 
1990.187370 1990-03-08 09:55:20 140.748000 -37.499000 14.530000 3.200000 
1990.197337 1990-03-12 01:17:29 150.923000 -20.142000 5.000000 2.900000 
1990.311382 1990-04-22 16:59:21 143.440000 -36.165000 0.000000 2.840000 
1990.324963 1990-04-27 16:02:13 147.247000 -27.499000 10.000000 3.150000 
1990.367578 1990-05-13 05:35:24 146.144000 -17.292000 7.600000 3.960000 
1990.408421 1990-05-28 03:36:35 152.350000 -25.670000 5.000000 3.510000 
1990.441332 1990-06-09 04:06:10 147.822000 -23.364000 19.000000 3.070000 
1990.448676 1990-06-11 20:28:43 144.551000 -34.932000 10.000000 3.060000 
1990.592830 1990-08-03 12:06:18 149.262000 -28.580000 10.000000 2.980000 
1990.845597 1990-11-03 19:49:07 149.160000 -23.402000 8.000000 2.900000 
1990.845621 1990-11-03 20:01:31 147.091000 -18.479000 10.700000 2.860000 
1990.875615 1990-11-14 18:56:45 150.808000 -30.430000 10.000000 3.690000 
1990.940726 1990-12-08 13:41:58 150.724000 -26.381000 8.000000 2.820000 
1991.013406 1991-01-04 02:47:43 146.732000 -28.930000 10.000000 3.660000 
1991.030783 1991-01-10 11:07:34 139.211000 -37.331000 2.700000 3.660000 
1991.042146 1991-01-14 14:43:51 151.550000 -30.630000 10.000000 2.980000 
1991.144232 1991-02-20 21:35:51 145.967000 -34.758000 10.000000 2.790000 
1991.202261 1991-03-14 02:15:50 144.587000 -35.181000 11.270000 2.830000 
1991.265173 1991-04-06 01:44:45 149.814000 -20.499000 8.000000 3.250000 
1991.284536 1991-04-13 03:28:29 150.264000 -20.429000 8.000000 2.850000 
1991.361836 1991-05-11 09:04:10 140.053000 -36.427000 9.890000 3.200000 
1991.388569 1991-05-21 03:24:30 151.431000 -30.183000 2.700000 2.930000 
1991.422277 1991-06-02 10:53:14 141.862000 -30.231000 11.620000 2.790000 
1991.444308 1991-06-10 12:00:23 150.658000 -23.609000 0.500000 2.940000 
1991.456871 1991-06-15 02:07:55 142.364000 -37.828000 3.350000 2.900000 
1991.618262 1991-08-13 00:51:22 137.993000 -36.668000 9.700000 2.970000 
1991.644756 1991-08-22 17:05:38 141.594000 -35.018000 9.170000 2.910000 
1991.691821 1991-09-08 21:39:21 152.722000 -23.977000 10.000000 2.950000 
1991.698203 1991-09-11 05:36:08 148.895000 -19.712000 8.800000 3.320000 
1991.733683 1991-09-24 04:36:52 149.051000 -27.890000 7.600000 4.060000 
1991.752727 1991-10-01 03:33:02 150.543000 -25.702000 10.000000 2.930000 
1991.771393 1991-10-07 23:10:09 140.557000 -32.541000 10.420000 3.090000 
1991.842324 1991-11-02 20:56:31 142.493000 -37.608000 1.200000 2.840000 
1991.896707 1991-11-22 17:39:14 151.698000 -26.127000 3.000000 3.130000 
1991.921414 1991-12-01 18:13:47 152.502000 -26.527000 2.360000 3.660000 
1991.956498 1991-12-14 13:46:12 151.833000 -22.378000 8.000000 2.890000 
1991.995322 1991-12-28 18:05:25 142.734000 -37.693000 0.620000 2.900000 
1992.247677 1992-03-29 22:11:07 153.801000 -22.056000 8.000000 3.030000 
1992.290258 1992-04-14 11:26:53 139.801000 -37.802000 3.100000 2.980000 
1992.582867 1992-07-30 08:23:51 149.609000 -19.444000 4.600000 3.210000 
1992.596727 1992-08-04 09:53:53 151.716000 -21.429000 8.000000 2.750000 
1992.637956 1992-08-19 11:18:16 151.366000 -30.243000 0.000000 3.220000 
1992.692243 1992-09-08 07:10:10 138.365000 -36.786000 10.000000 2.990000 
1992.862944 1992-11-09 15:30:25 141.012000 -37.183000 4.610000 3.100000 
1992.864109 1992-11-10 01:42:54 140.831000 -37.175000 0.800000 3.120000 
1992.907430 1992-11-25 21:27:26 151.563000 -25.707000 1.200000 2.910000 
1992.919083 1992-11-30 03:36:36 151.408000 -30.261000 8.000000 3.260000 
1992.978713 1992-12-21 22:18:55 151.436000 -30.264000 8.000000 3.170000 
1993.153813 1993-02-23 21:12:36 149.773000 -19.755000 8.000000 2.860000 
1993.223384 1993-03-21 07:03:22 150.670000 -29.870000 0.000000 3.080000 
1993.804826 1993-10-19 15:51:39 150.516000 -30.552000 0.000000 3.120000 
1993.904788 1993-11-25 04:06:40 152.632000 -23.922000 1.730000 3.740000 
1994.110961 1994-02-08 11:23:20 150.176000 -25.328000 0.100000 2.840000 
1994.181715 1994-03-06 07:36:15 149.236000 -28.605000 7.400000 2.850000 
1994.238515 1994-03-27 01:30:00 149.587000 -24.524000 8.000000 3.050000 
1994.259723 1994-04-03 19:24:14 146.372000 -17.186000 17.800000 3.510000 
1994.442563 1994-06-09 14:08:38 141.986000 -32.131000 12.300000 2.930000 
1994.464207 1994-06-17 11:52:33 148.867000 -20.208000 4.100000 3.510000 
1994.524742 1994-07-09 14:30:55 144.997000 -31.996000 6.340000 4.150000 
1994.546312 1994-07-17 11:35:31 151.444000 -29.992000 8.000000 3.170000 
1994.679277 1994-09-04 01:08:02 144.502000 -16.987000 0.000000 3.980000 
1994.763774 1994-10-04 21:49:18 137.129000 -36.854000 16.630000 3.070000 
1995.036541 1995-01-12 12:50:48 151.078000 -30.083000 2.400000 3.260000 
1995.040824 1995-01-14 02:23:24 145.980000 -30.815000 10.000000 3.660000 
1995.053602 1995-01-18 18:24:19 150.755000 -30.125000 8.000000 2.980000 
1995.211221 1995-03-17 08:03:20 146.463000 -17.982000 10.000000 3.650000 
1995.425951 1995-06-03 18:20:31 143.374000 -36.109000 5.600000 3.110000 
1995.546399 1995-07-17 18:09:57 143.366000 -36.145000 7.550000 2.830000 
1995.597171 1995-08-05 07:13:40 151.275000 -29.294000 3.000000 2.520000 
1995.752275 1995-09-30 22:50:29 143.347000 -35.959000 3.660000 2.910000 
1995.882575 1995-11-17 13:01:19 145.133000 -33.126000 10.000000 3.590000 
1995.967875 1995-12-18 16:44:50 139.579000 -37.613000 8.470000 3.590000 
1995.991026 1995-12-27 03:41:03 154.512000 -23.099000 0.000000 3.250000 
1996.130115 1996-02-15 22:54:56 144.244000 -36.144000 0.170000 2.780000 
1996.179573 1996-03-05 00:27:21 143.286000 -36.102000 2.270000 3.050000 
1996.266365 1996-04-05 17:15:21 148.246000 -19.475000 33.000000 3.580000 
1996.427425 1996-06-03 13:04:45 149.611000 -18.539000 0.000000 3.580000 
1996.429636 1996-06-04 08:27:22 144.257000 -29.037000 8.480000 3.510000 
1996.549786 1996-07-18 05:40:16 153.040000 -27.597000 10.000000 2.970000 
1996.620839 1996-08-13 04:30:12 143.613000 -30.141000 8.130000 4.930000 
1996.645449 1996-08-22 04:13:51 152.530000 -20.890000 0.000000 3.030000 
1996.672082 1996-08-31 21:41:28 144.546000 -35.737000 3.640000 2.680000 
1996.690039 1996-09-07 11:05:54 141.742000 -37.394000 11.180000 3.200000 
1996.699108 1996-09-10 18:35:50 141.998000 -37.575000 17.170000 3.070000 
1996.704161 1996-09-12 14:53:35 146.529000 -28.354000 10.000000 3.820000 
1996.735482 1996-09-24 01:27:02 138.940000 -37.503000 14.300000 3.430000 
1996.747758 1996-09-28 13:03:06 153.192000 -23.510000 10.000000 3.040000 
1996.765854 1996-10-05 03:41:04 151.547000 -23.177000 10.000000 3.070000 
1996.990324 1996-12-26 03:20:30 151.648000 -25.112000 18.300000 2.930000 
1996.994560 1996-12-27 16:28:22 151.256000 -29.841000 2.680000 3.590000 
1997.009928 1997-01-02 07:11:13 148.778000 -28.454000 17.160000 3.000000 
1997.046683 1997-01-15 17:22:29 143.387000 -36.108000 10.000000 2.700000 
1997.107351 1997-02-06 21:10:43 139.675000 -37.418000 17.600000 2.840000 
1997.131114 1997-02-15 13:28:50 146.553000 -20.440000 10.000000 3.590000 
1997.309532 1997-04-21 17:27:38 151.009000 -20.334000 33.000000 3.500000 
1997.372784 1997-05-14 19:54:50 143.323000 -36.125000 0.500000 2.760000 
1997.410888 1997-05-28 17:55:49 152.816000 -24.449000 8.100000 3.210000 
1997.462623 1997-06-16 15:25:49 153.277000 -24.371000 10.000000 2.970000 
1997.538297 1997-07-14 06:46:13 153.706000 -23.338000 0.000000 3.540000 
1997.571128 1997-07-26 06:33:32 141.430000 -31.990000 0.000000 3.280000 
1997.583099 1997-07-30 15:30:03 142.600000 -28.090000 11.000000 3.260000 
1997.759426 1997-10-03 01:08:41 147.164000 -22.789000 10.000000 3.510000 
1997.811775 1997-10-22 04:01:54 146.640000 -22.430000 33.000000 3.420000 
1997.818904 1997-10-24 18:31:12 147.098000 -20.400000 19.100000 3.190000 
1997.903483 1997-11-24 15:55:14 145.696000 -16.767000 5.000000 2.860000 
1997.929445 1997-12-04 03:30:07 147.641000 -22.833000 0.000000 3.270000 
1998.064577 1998-01-22 12:02:32 148.695000 -20.662000 -9999.000000 2.930000 
1998.086659 1998-01-30 13:36:31 140.351000 -35.272000 7.500000 3.130000 
1998.126101 1998-02-13 23:20:52 150.650000 -25.707000 3.600000 3.980000 
1998.135644 1998-02-17 11:00:23 140.153000 -38.113000 34.900000 3.120000 
1998.195018 1998-03-11 03:27:56 140.452000 -36.667000 21.000000 3.510000 
1998.415835 1998-05-30 19:06:30 139.826000 -37.872000 22.700000 3.180000 
1998.498870 1998-06-30 02:58:22 152.650000 -21.253000 3.000000 3.900000 
1998.615625 1998-08-11 18:25:30 144.432000 -32.258000 16.200000 3.820000 
1998.622702 1998-08-14 08:27:38 151.200000 -28.253000 -9999.000000 2.860000 
1998.699915 1998-09-11 13:17:50 148.297600 -19.982600 1.000000 2.860000 
1998.722350 1998-09-19 17:57:44 152.976000 -24.417000 -9999.000000 2.860000 
1998.749256 1998-09-29 13:48:47 141.356000 -31.700000 11.000000 2.940000 
1998.827897 1998-10-28 07:10:05 153.341000 -23.499000 10.000000 2.860000 
1998.842727 1998-11-02 17:09:38 151.146000 -22.808000 0.000000 4.570000 
1999.104193 1999-02-06 05:07:29 140.669000 -38.354000 36.100000 3.510000 
1999.118753 1999-02-11 12:45:24 144.797000 -17.181000 0.000000 3.510000 
1999.145460 1999-02-21 06:51:36 142.960000 -28.770000 0.000000 3.430000 
1999.205282 1999-03-15 03:15:00 151.400000 -25.200000 -9999.000000 3.200000 
1999.211997 1999-03-17 14:06:56 139.381000 -37.564000 8.130000 3.070000 
1999.233709 1999-03-25 12:26:08 146.755000 -20.359000 0.000000 3.510000 
1999.316916 1999-04-24 21:48:48 146.966000 -20.159000 0.000000 2.960000 
1999.322327 1999-04-26 21:14:35 151.278000 -29.750000 3.600000 3.060000 
1999.399387 1999-05-25 00:44:22 150.179000 -30.262000 8.600000 3.060000 
1999.425757 1999-06-03 15:53:43 140.800000 -27.130000 0.000000 2.630000 
1999.479368 1999-06-23 05:50:11 143.739000 -35.079000 16.000000 3.100000 
1999.480661 1999-06-23 17:10:09 151.685000 -26.451000 10.000000 2.860000 
1999.739432 1999-09-26 05:30:22 144.140000 -27.990000 0.000000 2.990000 
1999.871061 1999-11-13 07:20:36 151.047000 -29.166000 1.000000 2.860000 
1999.951222 1999-12-12 14:01:08 139.614000 -37.765000 13.290000 3.060000 
2000.065625 2000-01-23 08:51:20 152.966000 -30.830000 0.000000 2.920000 
2000.071828 2000-01-25 15:13:36 143.367000 -36.012700 9.600000 2.700000 
2000.135919 2000-02-18 01:02:18 150.126000 -30.690000 0.000000 3.040000 
2000.222687 2000-03-20 17:38:00 145.684000 -17.190000 10.000000 3.280000 
2000.450102 2000-06-11 19:06:25 150.167000 -29.492000 3.600000 3.590000 
2000.594118 2000-08-03 09:31:44 143.302000 -28.676000 0.000000 3.220000 
2000.665928 2000-08-29 15:00:08 151.944000 -25.619000 0.000000 2.840000 
2000.718986 2000-09-18 00:05:56 153.204000 -29.732000 10.000000 2.630000 
2000.745495 2000-09-27 16:28:16 142.617000 -36.079000 10.000000 2.780000 
2000.747014 2000-09-28 05:46:57 150.100000 -30.000000 0.000000 2.910000 
2000.817271 2000-10-23 21:38:50 141.755000 -34.464000 11.900000 3.660000 
2001.050816 2001-01-17 04:51:16 142.010000 -37.691000 10.200000 2.780000 
2001.152394 2001-02-23 07:15:58 150.264000 -29.178000 17.000000 2.960000 
2001.155064 2001-02-24 06:40:16 152.730000 -30.583000 0.000000 3.000000 
2001.162634 2001-02-27 01:02:03 141.888000 -28.470000 10.000000 3.430000 
2001.191740 2001-03-09 16:09:59 141.970000 -28.528000 10.000000 3.120000 
2001.206035 2001-03-14 21:28:38 142.390000 -29.140000 0.000000 2.640000 
2001.280700 2001-04-11 03:58:43 149.748000 -30.371000 10.000000 2.840000 
2001.367652 2001-05-12 22:11:00 148.870000 -27.780000 18.000000 2.950000 
2001.388370 2001-05-20 11:47:32 146.500000 -32.190000 10.000000 3.090000 
2001.682091 2001-09-04 18:29:55 141.811000 -26.462000 0.000000 3.060000 
2001.718737 2001-09-18 03:43:27 153.800000 -24.272000 5.000000 3.660000 
2001.784033 2001-10-12 00:05:53 152.883000 -24.119000 2.700000 3.980000 
2001.826001 2001-10-27 07:58:48 143.643000 -35.356000 14.100000 4.190000 
2001.827250 2001-10-27 18:56:00 146.409000 -32.425000 2.700000 3.000000 
2001.840626 2001-11-01 16:11:07 144.314000 -29.830000 10.000000 2.970000 
2001.867525 2001-11-11 11:58:31 144.180000 -29.320000 6.000000 3.360000 
2001.911734 2001-11-27 15:29:53 146.620000 -32.540000 3.000000 3.070000 
2001.936908 2001-12-06 20:10:11 148.898000 -28.689000 10.000000 3.060000 
2002.018439 2002-01-05 14:51:43 140.705000 -38.398000 33.600000 3.270000 
2002.099563 2002-02-04 05:58:21 144.065000 -36.101000 15.600000 2.840000 
2002.168012 2002-03-01 05:59:26 146.980000 -32.290000 0.000000 3.330000 
2002.216967 2002-03-19 03:07:12 138.105000 -37.142000 14.000000 3.170000 
2002.301491 2002-04-19 00:02:17 143.103000 -36.179000 6.400000 3.120000 
2002.339567 2002-05-02 21:48:35 150.975000 -25.413000 5.000000 3.210000 
2002.552479 2002-07-19 16:09:24 150.138000 -19.823000 10.000000 3.070000 
2002.563715 2002-07-23 18:38:55 145.586000 -31.633000 5.000000 3.000000 
2002.644521 2002-08-22 06:58:47 149.069000 -28.443000 0.000000 3.210000 
2002.732937 2002-09-23 14:00:37 141.724000 -26.446000 10.000000 3.080000 
2002.760658 2002-10-03 17:00:53 147.383000 -29.106000 5.000000 2.650000 
2002.781437 2002-10-11 07:09:35 140.762000 -27.960000 13.600000 2.950000 
2002.818730 2002-10-24 22:03:26 142.250000 -35.666000 10.000000 3.240000 
2002.831663 2002-10-29 15:25:32 142.026000 -30.583000 16.300000 3.590000 
2002.848563 2002-11-04 19:34:04 144.106000 -35.043000 2.700000 3.500000 
2002.920327 2002-12-01 00:38:16 145.830000 -18.533000 0.000000 3.210000 
2002.957403 2002-12-14 13:38:31 152.983000 -27.384000 5.000000 3.070000 
2002.991112 2002-12-26 21:07:41 151.288000 -30.258000 3.000000 3.210000 
2003.026198 2003-01-08 16:41:11 152.562400 -24.885600 1.000000 3.000000 
2003.135800 2003-02-17 17:26:04 139.414000 -38.303000 22.000000 3.010000 
2003.192730 2003-03-10 12:28:17 144.089000 -35.077000 14.900000 3.420000 
2003.225086 2003-03-22 08:06:03 143.867000 -35.036000 10.000000 2.860000 
2003.297840 2003-04-17 21:50:42 149.142800 -21.237000 2.000000 3.900000 
2003.483365 2003-06-24 16:07:32 152.133000 -27.458000 1.900000 3.000000 
2003.483974 2003-06-24 21:27:47 151.144000 -31.284000 15.000000 2.920000 
2003.492745 2003-06-28 02:20:47 151.390000 -25.837000 2.000000 3.360000 
2003.613752 2003-08-11 07:04:30 146.911000 -18.529000 12.000000 3.990000 
2003.662587 2003-08-29 03:08:57 151.472000 -20.975000 0.000000 3.010000 
2003.695089 2003-09-10 00:03:18 143.610000 -34.487000 10.000000 2.790000 
2003.766965 2003-10-06 06:06:48 152.237000 -26.545000 10.000000 3.650000 
2003.930090 2003-12-04 20:01:50 150.602000 -25.761000 10.000000 2.850000 
2003.932569 2003-12-05 17:45:35 140.618000 -27.793000 6.700000 3.740000 
2003.966994 2003-12-18 07:31:51 144.131000 -29.041000 10.000000 3.360000 
2003.973161 2003-12-20 13:34:57 141.456000 -37.639000 8.700000 2.970000 
2003.982656 2003-12-24 00:49:15 146.998000 -18.928000 2.000000 2.930000 
2003.996829 2003-12-29 05:03:23 146.454000 -20.556000 10.000000 3.010000 
2003.997795 2003-12-29 13:31:06 144.531000 -35.413000 11.000000 3.660000 
2004.047257 2004-01-16 15:05:52 151.601000 -25.069000 17.000000 4.310000 
2004.056941 2004-01-20 03:59:21 149.437000 -22.269000 10.000000 2.970000 
2004.062412 2004-01-22 03:56:37 149.283000 -22.654000 10.000000 2.790000 
2004.101281 2004-02-05 08:39:30 150.652000 -20.310000 10.000000 3.590000 
2004.142599 2004-02-20 10:51:04 151.774000 -25.471000 10.200000 3.000000 
2004.146829 2004-02-21 23:55:36 151.323000 -26.416000 1.000000 3.740000 
2004.232874 2004-03-24 10:10:44 144.009000 -28.939000 10.000000 2.890000 
2004.318530 2004-04-24 17:01:46 151.631000 -29.620000 5.000000 2.900000 
2004.429360 2004-06-04 04:32:31 142.631000 -37.592000 8.900000 2.890000 
2004.461581 2004-06-15 22:59:01 146.085000 -17.315000 4.000000 3.430000 
2004.476354 2004-06-21 08:28:55 146.635000 -16.930000 10.000000 3.660000 
2004.559340 2004-07-21 15:55:07 141.489000 -31.721000 14.800000 2.890000 
2004.578303 2004-07-28 14:08:36 141.407000 -29.928000 0.000000 3.140000 
2004.756910 2004-10-01 19:46:46 146.377000 -26.907000 0.000000 3.110000 
2004.780090 2004-10-10 06:58:39 142.603000 -36.367000 0.000000 3.110000 
2005.018464 2005-01-05 08:31:02 153.415000 -26.097000 1.700000 3.660000 
2005.144378 2005-02-20 08:15:32 141.407000 -31.737000 0.000000 3.020000 
2005.186373 2005-03-07 16:22:34 151.291000 -26.527000 5.000000 3.660000 
2005.188926 2005-03-08 14:45:28 145.887000 -16.631000 9.200000 3.210000 
2005.234834 2005-03-25 09:10:32 145.834000 -20.353000 26.000000 3.000000 
2005.290060 2005-04-14 13:16:26 149.272000 -28.550000 0.000000 3.360000 
2005.500988 2005-06-30 14:13:47 142.307000 -39.067000 22.300000 3.250000 
2005.531801 2005-07-11 20:19:58 144.777000 -31.253000 9.000000 3.210000 
2005.583434 2005-07-30 16:56:10 148.606000 -28.540000 10.000000 3.070000 
2005.681374 2005-09-04 11:27:25 148.456000 -29.003000 10.000000 3.000000 
2005.684075 2005-09-05 11:08:01 151.147000 -28.840000 2.500000 3.140000 
2005.687257 2005-09-06 15:01:37 154.551000 -24.636000 0.000000 2.930000 
2005.694215 2005-09-09 04:01:08 142.166000 -30.328000 0.000000 3.430000 
2005.703803 2005-09-12 16:04:04 140.558000 -27.737000 2.000000 3.210000 
2005.704792 2005-09-13 00:44:33 147.175900 -18.256100 10.000000 3.660000 
2005.758763 2005-10-02 17:50:05 150.972000 -29.485000 0.000000 2.930000 
2005.980083 2005-12-22 13:53:22 139.372000 -37.708000 26.700000 3.510000 
2005.997312 2005-12-28 20:54:52 147.894000 -28.191000 0.000000 4.060000 
2006.010979 2006-01-02 20:43:05 150.938000 -29.978000 15.000000 3.280000 
2006.017957 2006-01-05 09:53:00 151.879000 -19.283000 4.000000 4.310000 
2006.036978 2006-01-12 08:36:55 145.058000 -15.207000 10.000000 3.140000 
2006.038542 2006-01-12 22:19:54 146.595000 -23.880000 10.000000 3.580000 
2006.045091 2006-01-15 07:44:13 146.061000 -16.754000 10.000000 3.140000 
2006.076831 2006-01-26 21:57:42 146.110000 -17.292000 10.400000 3.140000 
2006.241105 2006-03-27 21:57:29 150.478000 -29.190000 0.000000 3.950000 
2006.271520 2006-04-08 00:34:17 142.258000 -38.874000 5.800000 3.490000 
2006.288349 2006-04-14 04:05:14 146.185000 -17.117000 19.100000 3.000000 
2006.303738 2006-04-19 18:59:12 139.880000 -37.881000 22.200000 2.980000 
2006.346380 2006-05-05 08:46:37 140.995000 -36.242000 8.900000 2.910000 
2006.403070 2006-05-26 01:42:50 150.265000 -29.149000 10.000000 3.140000 
2006.459689 2006-06-15 18:01:32 146.982000 -27.904000 10.000000 3.210000 
2006.561447 2006-07-22 22:01:11 141.044000 -38.255000 10.000000 3.030000 
2006.576027 2006-07-28 05:49:33 147.359000 -18.323000 0.900000 3.900000 
2006.581039 2006-07-30 01:45:22 153.907000 -26.604000 10.000000 3.000000 
2006.754171 2006-10-01 07:24:10 140.969000 -35.549000 7.700000 3.240000 
2006.787450 2006-10-13 11:06:54 144.339000 -17.468000 4.000000 3.430000 
2007.037669 2007-01-12 20:29:06 144.987000 -20.775000 5.900000 3.210000 
2007.131870 2007-02-16 06:14:30 153.580000 -24.102000 24.700000 3.000000 
2007.324349 2007-04-27 13:28:17 142.741000 -36.286000 10.000000 3.040000 
2007.326564 2007-04-28 08:53:33 151.397000 -24.975000 9.900000 3.140000 
2007.393486 2007-05-22 19:30:49 142.048000 -29.776000 10.300000 3.510000 
2007.523686 2007-07-09 08:49:31 139.939000 -37.909000 6.600000 2.820000 
2007.539271 2007-07-15 01:26:05 152.635000 -23.922000 10.000000 3.230000 
2007.589102 2007-08-02 06:14:56 140.070000 -29.264000 0.000000 2.910000 
2007.617527 2007-08-12 15:24:49 144.649000 -32.448000 10.000000 3.550000 
2007.650197 2007-08-24 13:47:33 148.493000 -32.294000 10.000000 3.120000 
2007.652059 2007-08-25 06:06:52 151.432000 -26.495000 4.000000 3.900000 
2007.707159 2007-09-14 09:06:56 148.631000 -29.850000 10.000000 3.510000 
2007.742965 2007-09-27 10:59:00 143.459000 -35.992000 10.000000 2.890000 
2007.752821 2007-10-01 01:22:54 139.469000 -37.609000 15.500000 3.060000 
2007.857294 2007-11-08 05:10:00 152.630000 -23.290000 10.000000 3.360000 
2007.871192 2007-11-13 06:59:34 140.110000 -37.789000 15.400000 3.900000 
2007.873460 2007-11-14 02:52:31 147.258000 -22.003000 0.000000 3.020000 
2007.942553 2007-12-09 08:31:47 143.648000 -36.518000 8.000000 3.000000 
2007.949829 2007-12-12 00:18:43 139.998000 -36.089000 21.100000 2.860000 
2007.990677 2007-12-26 22:22:41 147.053000 -27.961000 4.000000 2.860000 
2008.014396 2008-01-04 14:17:40 140.497000 -37.803000 12.700000 3.130000 
2008.035574 2008-01-12 07:56:21 147.241000 -21.637000 5.300000 2.900000 
2008.124787 2008-02-13 21:57:29 146.593000 -27.523000 10.000000 4.150000 
2008.134581 2008-02-17 11:48:40 140.842000 -38.476000 28.800000 2.920000 
2008.215489 2008-03-18 01:02:33 148.433000 -32.519000 11.000000 3.740000 
2008.335518 2008-04-30 21:11:14 141.585000 -30.255000 23.900000 3.350000 
2008.374018 2008-05-14 22:40:13 140.709000 -38.246000 19.000000 2.830000 
2008.394456 2008-05-22 09:49:54 150.938000 -29.060000 -9999.000000 3.250000 
2008.442802 2008-06-09 01:37:29 146.881000 -30.167000 10.000000 3.740000 
2008.482782 2008-06-23 16:04:57 139.762000 -37.513000 11.100000 2.890000 
2008.484490 2008-06-24 07:03:06 140.578000 -38.058000 29.100000 3.590000 
2008.534285 2008-07-12 11:32:43 146.662000 -32.262000 10.000000 2.980000 
2008.560122 2008-07-21 22:01:22 143.648000 -36.234000 10.800000 2.900000 
2008.692377 2008-09-08 05:21:14 139.936000 -37.588000 17.500000 2.900000 
2008.721075 2008-09-18 16:54:37 150.907000 -29.183000 5.000000 2.840000 
2008.728645 2008-09-21 11:16:06 153.242000 -24.936000 5.000000 2.820000 
2008.738257 2008-09-24 23:31:17 144.490000 -35.733000 10.000000 3.200000 
2008.754659 2008-09-30 23:17:54 151.296000 -26.965000 5.000000 2.890000 
2008.811643 2008-10-21 18:48:55 152.003000 -25.644000 2.600000 2.920000 
2008.816327 2008-10-23 11:52:08 140.790000 -32.520000 13.500000 3.980000 
2008.869168 2008-11-11 19:04:08 137.470000 -36.637000 16.000000 2.820000 
2008.937505 2008-12-06 18:05:40 144.332000 -35.170000 10.000000 3.000000 
2008.970848 2008-12-18 22:22:30 150.607000 -24.748000 10.000000 2.900000 
2009.037818 2009-01-12 09:25:05 152.939000 -23.538000 10.000000 3.010000 
2009.295398 2009-04-16 11:19:10 145.925000 -15.663000 13.800000 3.230000 
2009.322956 2009-04-26 12:53:15 147.478000 -18.269000 5.000000 3.950000 
2009.355621 2009-05-08 11:13:35 138.229000 -37.060000 7.200000 3.090000 
2009.397624 2009-05-23 19:24:54 152.702000 -21.949000 5.000000 3.080000 
2009.586035 2009-07-31 14:59:30 141.946000 -29.601000 0.000000 2.930000 
2009.826026 2009-10-27 06:42:17 144.244000 -36.045000 10.000000 2.820000 
2009.947054 2009-12-10 11:36:46 147.497000 -18.528000 10.000000 3.650000 
2010.014851 2010-01-04 05:54:47 138.556000 -37.434000 24.300000 2.990000 
2010.064945 2010-01-22 13:01:36 151.519000 -24.474000 10.000000 2.910000 
2010.195789 2010-03-11 07:58:36 138.364000 -37.074000 9.700000 3.190000 
2010.243080 2010-03-28 14:31:13 137.151000 -36.823000 16.800000 3.130000 
2010.481327 2010-06-23 14:56:51 150.217000 -29.883000 10.000000 2.910000 
2010.524615 2010-07-09 10:24:09 143.992000 -17.995000 10.000000 3.140000 
2010.543111 2010-07-16 04:31:59 151.361000 -24.961000 7.000000 2.990000 
2010.625750 2010-08-15 08:56:09 152.027000 -26.899000 0.700000 3.120000 
2010.630600 2010-08-17 03:27:10 151.890000 -25.531000 0.200000 2.920000 
2010.636685 2010-08-19 08:47:14 153.594000 -24.684000 10.000000 3.140000 
2010.698505 2010-09-10 22:41:29 150.977000 -26.056000 5.000000 2.840000 
2010.748981 2010-09-29 09:09:27 144.097000 -29.636000 10.000000 4.000000 
2010.765552 2010-10-05 10:24:43 143.710000 -29.598000 10.000000 2.860000 
2010.819475 2010-10-25 03:05:29 151.381000 -20.199000 5.000000 3.470000 
2010.826229 2010-10-27 14:18:02 143.594400 -29.438000 7.300000 4.280000 
2010.862397 2010-11-09 19:20:17 140.030000 -37.873000 13.100000 3.290000 
2010.929464 2010-12-04 07:14:08 153.629000 -24.135000 5.000000 3.580000 
2010.932344 2010-12-05 08:28:57 141.489300 -31.930500 13.100000 2.990000 
2010.946519 2010-12-10 12:44:05 143.738000 -29.561000 10.000000 2.860000 
2010.948704 2010-12-11 07:53:25 145.549000 -16.479000 18.000000 3.510000 
2011.020132 2011-01-06 10:00:54 144.457000 -35.374000 23.500000 2.980000 
2011.067778 2011-01-23 19:40:06 148.475000 -28.386000 18.000000 3.770000 
2011.083729 2011-01-29 15:29:34 148.878000 -31.604000 10.000000 3.070000 
2011.104788 2011-02-06 08:05:46 148.869000 -28.374000 10.000000 2.880000 
2011.111475 2011-02-08 18:42:26 141.835000 -37.316000 14.300000 2.980000 
2011.147526 2011-02-21 22:43:39 153.132000 -24.131000 5.000000 3.690000 
2011.200097 2011-03-13 03:32:59 152.595000 -23.890000 5.000000 3.180000 
2011.205867 2011-03-15 06:08:00 146.334300 -17.342200 10.000000 3.660000 
2011.230646 2011-03-24 07:20:30 153.716000 -23.676000 10.000000 2.810000 
2011.293410 2011-04-16 05:31:19 147.718000 -20.055000 10.000000 5.300000 
2011.303302 2011-04-19 20:13:42 152.325000 -24.394000 4.600000 3.110000 
2011.327913 2011-04-28 19:57:55 140.257000 -32.622000 4.500000 2.900000 
2011.353678 2011-05-08 05:49:00 151.008000 -24.159000 8.000000 2.860000 
2011.369377 2011-05-13 23:25:54 151.692000 -25.003000 7.900000 3.420000 
2011.403721 2011-05-26 12:28:45 147.232000 -26.801000 10.000000 3.510000 
2011.419122 2011-06-01 03:29:05 142.491000 -37.430000 15.000000 3.850000 
2011.489515 2011-06-26 20:32:17 152.463000 -27.168000 8.200000 2.990000 
2011.520089 2011-07-08 00:32:32 146.146000 -17.024000 10.000000 2.830000 
2011.529778 2011-07-11 13:28:33 141.553000 -32.048000 1.600000 2.730000 
2011.557252 2011-07-21 14:18:32 140.938000 -28.710000 10.000000 3.110000 
2011.577937 2011-07-29 03:37:30 143.839000 -29.604000 15.000000 3.210000 
2011.632826 2011-08-18 04:46:38 139.788000 -37.095000 22.200000 3.270000 
2011.842250 2011-11-02 16:32:55 152.254000 -23.664000 10.000000 3.740000 
2011.843294 2011-11-03 01:41:59 140.030000 -37.976000 35.700000 3.290000 
2011.851185 2011-11-05 22:52:03 140.454000 -37.579000 18.300000 3.130000 
2011.870489 2011-11-13 00:05:07 151.211000 -29.827000 10.000000 3.190000 
2011.870499 2011-11-13 00:10:30 150.819000 -30.127000 10.000000 3.210000 
2011.958697 2011-12-15 05:18:13 140.428300 -27.972200 0.000000 2.920000 
2012.004231 2011-12-31 20:26:41 145.934000 -17.852000 10.000000 3.180000 
2012.010724 2012-01-03 05:21:35 142.648100 -29.945000 3.100000 3.280000 
2012.017196 2012-01-05 14:05:21 152.510000 -21.973000 10.000000 3.860000 
2012.034910 2012-01-12 01:22:13 140.759000 -38.629000 27.100000 3.400000 
2012.045427 2012-01-15 21:33:45 144.599000 -31.502000 11.000000 3.070000 
2012.131814 2012-02-16 10:48:31 147.963000 -27.051000 10.000000 4.150000 
2012.159157 2012-02-26 10:29:27 140.089000 -37.930000 27.000000 2.920000 
2012.185176 2012-03-06 22:34:22 139.663000 -37.728000 32.100000 3.070000 
2012.268244 2012-04-06 06:43:51 146.118000 -16.996000 10.000000 3.180000 
2012.401076 2012-05-24 19:06:33 141.738000 -31.318000 20.900000 3.620000 
2012.414696 2012-05-29 18:29:53 151.814000 -27.794000 7.400000 2.840000 
2012.418987 2012-05-31 08:07:07 146.144000 -16.605000 5.000000 3.010000 
2012.582743 2012-07-30 03:34:18 146.159000 -17.025000 10.000000 3.570000 
2012.585660 2012-07-31 05:08:37 146.246000 -17.051000 7.000000 3.080000 
2012.654258 2012-08-25 06:27:33 141.739000 -29.445000 0.000000 3.140000 
2012.689914 2012-09-07 07:00:52 149.431000 -28.754000 10.000000 2.980000 
2012.695662 2012-09-09 09:23:55 140.794000 -38.562000 31.300000 3.280000 
2012.734802 2012-09-23 16:29:12 151.465000 -26.333000 6.500000 3.240000 
2012.800716 2012-10-17 18:16:57 141.900000 -30.661000 17.900000 3.610000 
2012.897516 2012-11-22 02:48:38 140.924000 -27.782000 10.000000 3.140000 
2012.907133 2012-11-25 15:06:56 140.822000 -27.969000 10.000000 3.000000 
2012.911344 2012-11-27 04:01:26 140.482000 -27.587000 0.000000 2.930000 
2012.915519 2012-11-28 16:37:17 140.460000 -27.895000 10.000000 3.140000 
2012.918569 2012-11-29 19:21:18 140.659000 -27.756000 5.000000 3.880000 
2012.932366 2012-12-04 20:17:43 151.473000 -25.785000 10.000000 3.590000 
2013.042707 2013-01-14 03:31:43 148.018000 -32.889000 0.000000 2.860000 
2013.094364 2013-02-02 00:20:40 141.009000 -27.873000 33.100000 2.710000 
2013.095839 2013-02-02 13:16:20 142.250000 -37.149000 27.300000 2.830000 
2013.105177 2013-02-05 23:07:36 148.743000 -31.379000 10.000000 2.990000 
2013.133912 2013-02-16 11:01:00 148.177000 -32.157000 1.000000 2.860000 
2013.147898 2013-02-21 13:36:49 144.501000 -36.051000 23.100000 3.460000 
2013.161505 2013-02-26 12:53:17 140.821000 -27.750000 19.600000 3.440000 
2013.166174 2013-02-28 05:49:00 153.177000 -23.867000 29.600000 2.800000 
2013.234859 2013-03-25 07:53:38 140.700000 -38.647000 24.900000 3.390000 
2013.369386 2013-05-13 11:08:03 150.850000 -29.160000 10.000000 3.410000 
2013.394561 2013-05-22 15:48:58 151.346000 -25.894000 6.000000 2.860000 
2013.420818 2013-06-01 05:58:56 148.848000 -23.645000 3.000000 3.360000 
2013.427863 2013-06-03 19:44:10 149.014000 -29.030000 10.000000 3.460000 
2013.911296 2013-11-27 09:24:51 145.551000 -28.230000 15.000000 3.210000 
2013.922298 2013-12-01 09:51:23 145.550000 -17.090000 0.000000 3.070000 
2013.950925 2013-12-11 20:47:40 143.843000 -29.569000 10.000000 3.140000 
2013.956412 2013-12-13 20:53:53 143.227000 -35.547000 10.000000 2.910000 
2013.980532 2013-12-22 16:19:36 143.741000 -36.290000 4.000000 3.110000 
2014.000615 2013-12-30 00:22:02 152.700000 -24.337000 10.000000 3.120000 
2014.093496 2014-02-01 22:32:57 138.539000 -37.458000 35.900000 3.000000 
2014.154588 2014-02-24 06:03:55 152.800000 -24.372000 10.300000 2.900000 
2014.155632 2014-02-24 15:12:57 150.519000 -30.855000 10.000000 2.860000 
2014.160473 2014-02-26 09:39:33 137.622000 -37.904000 13.200000 2.850000 
2014.168182 2014-03-01 05:13:38 147.003000 -33.835000 10.000000 3.180000 
2014.183046 2014-03-06 15:31:25 139.935000 -38.541000 13.000000 2.820000 
2014.201420 2014-03-13 08:35:24 141.146000 -35.644000 8.400000 2.920000 
2014.211600 2014-03-17 01:49:44 152.798000 -24.324000 10.000000 2.830000 
2014.360443 2014-05-10 10:33:07 140.619000 -38.997000 8.900000 3.080000 
2014.380064 2014-05-17 14:33:10 137.599000 -37.891000 19.600000 3.390000 
2014.456699 2014-06-14 14:19:07 151.679000 -25.228000 5.000000 3.300000 
2014.555962 2014-07-20 20:26:21 147.876000 -28.249000 15.000000 4.090000 
2014.574125 2014-07-27 11:39:00 142.025000 -30.179000 0.000000 3.000000 
2014.584376 2014-07-31 05:30:37 141.564000 -31.201000 10.000000 3.000000 
2014.584376 2014-07-31 05:30:40 141.735000 -31.307000 17.800000 2.820000 
2014.590846 2014-08-02 14:13:16 148.988000 -28.508000 10.000000 3.000000 
2014.601735 2014-08-06 13:40:45 142.201000 -38.918000 10.000000 2.900000 
2014.607509 2014-08-08 16:17:19 146.416000 -17.044000 0.000000 3.460000 
2014.615983 2014-08-11 18:34:21 151.968000 -22.262000 10.000000 2.830000 
2014.621094 2014-08-13 15:22:33 142.053200 -33.519800 10.000000 3.480000 
2014.644967 2014-08-22 08:38:11 150.668000 -25.714000 4.000000 3.260000 
2014.669864 2014-08-31 10:53:06 140.680000 -38.076000 37.900000 3.140000 
2014.687936 2014-09-07 01:17:51 141.822000 -29.827000 10.000000 3.000000 
2014.735921 2014-09-24 13:55:32 150.082000 -29.455000 10.000000 2.890000 
2014.753115 2014-09-30 20:38:34 149.361000 -21.423000 10.000000 3.100000 
2014.803188 2014-10-19 03:34:17 140.730000 -27.771000 20.000000 3.120000 
2014.873618 2014-11-13 20:56:58 140.729000 -26.978000 20.500000 2.630000 
2014.975082 2014-12-20 22:22:00 140.798000 -26.957000 27.800000 2.760000 
2014.979372 2014-12-22 11:58:14 141.822000 -31.942000 19.200000 3.250000 
2015.001908 2014-12-30 17:31:05 140.631000 -38.253000 39.400000 2.930000 
2015.070495 2015-01-24 18:44:09 143.344000 -23.751000 10.000000 3.430000 
2015.130411 2015-02-15 15:57:07 151.555200 -25.102100 10.000000 4.760000 
2015.144564 2015-02-20 20:00:59 150.315000 -30.099000 10.000000 3.000000 
2015.239644 2015-03-27 13:27:52 140.750000 -38.562000 38.000000 3.560000 
2015.485374 2015-06-25 07:29:33 152.368200 -27.049100 7.300000 3.350000 
2015.556287 2015-07-21 05:05:52 151.831000 -28.780600 1.000000 3.160000 
2015.580312 2015-07-29 23:41:40 154.295400 -25.329300 10.000000 5.090000 
2015.724759 2015-09-20 17:53:23 138.355100 -36.773400 10.000000 3.790000 
2015.826310 2015-10-27 20:04:10 140.469000 -38.129000 35.000000 3.210000 
2015.880879 2015-11-16 18:24:41 144.426600 -35.111300 7.000000 2.830000 
2015.920889 2015-12-01 09:07:50 150.743100 -24.787000 10.000000 3.390000 
2015.950586 2015-12-12 05:27:15 151.003300 -31.178200 10.000000 2.850000 
2015.958744 2015-12-15 04:57:57 140.092000 -37.848000 37.800000 3.060000 
2015.976432 2015-12-21 16:00:35 151.400000 -26.051000 9.300000 3.130000 
2016.000817 2015-12-30 13:46:00 141.757000 -26.495000 34.300000 3.150000 
2016.054815 2016-01-19 07:06:13 142.683000 -27.941000 9.000000 3.000000 
2016.112454 2016-02-09 08:21:29 140.503000 -38.063000 -9999.000000 2.850000 
2016.113595 2016-02-09 18:21:30 140.490000 -38.069000 36.400000 2.930000 
2016.137269 2016-02-18 09:52:30 150.502400 -24.392800 10.000000 2.840000 
2016.207540 2016-03-15 01:51:30 140.436000 -38.107000 35.000000 3.200000 
2016.276213 2016-04-09 03:50:18 140.156000 -38.014000 38.500000 2.930000 
2016.307613 2016-04-20 15:05:00 141.910000 -30.524000 28.600000 2.850000 
2016.311268 2016-04-21 23:07:04 153.133900 -23.529400 10.000000 3.070000 
2016.354003 2016-05-07 13:43:52 153.244400 -22.427300 10.000000 2.860000 
2016.380244 2016-05-17 03:44:55 153.405900 -24.159700 10.000000 2.790000 
2016.430366 2016-06-04 11:06:30 141.233000 -30.082000 12.000000 3.000000 
2016.466967 2016-06-17 19:57:14 152.583500 -27.103900 1.030000 3.060000 
2016.622522 2016-08-13 15:31:11 152.909700 -23.743100 10.000000 4.320000 
2016.634955 2016-08-18 04:30:08 148.756100 -19.821000 10.000000 5.700000 
2016.726341 2016-09-20 13:34:27 153.749100 -23.323000 10.000000 2.990000 
2016.731345 2016-09-22 09:26:15 147.235000 -26.858000 10.000000 3.070000 
2016.771553 2016-10-07 01:53:52 150.168100 -30.724500 0.000000 3.110000 
2016.824393 2016-10-26 09:04:32 149.983000 -29.260000 10.000000 2.860000 
2016.867956 2016-11-11 06:56:32 142.211000 -30.998000 -9999.000000 2.990000 
2017.013232 2017-01-03 08:24:09 140.082000 -37.910000 -9999.000000 2.810000 
2017.045547 2017-01-15 03:40:24 141.493000 -31.929000 10.000000 3.000000 
2017.066069 2017-01-22 15:34:02 142.624000 -28.105000 10.000000 3.360000 
2017.070265 2017-01-24 04:20:46 143.045000 -27.997000 10.000000 3.280000 
2017.137367 2017-02-17 16:33:19 140.621000 -38.627000 10.000000 3.280000 
2017.212386 2017-03-17 02:09:24 150.422000 -31.287000 10.000000 3.000000 
2017.217804 2017-03-19 01:38:42 140.802000 -38.078000 10.000000 3.280000 
2017.232850 2017-03-24 13:32:01 150.950000 -28.897000 10.000000 2.930000 
2017.309339 2017-04-21 12:01:45 140.382000 -29.250000 10.000000 3.070000 
2017.374861 2017-05-15 10:22:44 146.571000 -32.117000 10.000000 3.210000 
2017.492192 2017-06-27 06:52:51 140.227000 -38.031000 10.000000 3.360000 
