1940.969325 1940-12-18 21:45:00 117.200000 -32.200000 0.000000 4.110000 
1946.715449 1946-09-17 15:12:00 116.900000 -32.500000 -9999.000000 4.090000 
1949.337773 1949-05-02 10:00:00 116.400000 -30.900000 -9999.000000 4.520000 
1952.195711 1952-03-11 06:09:00 116.500000 -31.300000 -9999.000000 4.520000 
1954.909258 1954-11-27 08:36:00 116.700000 -32.000000 -9999.000000 3.890000 
1955.328231 1955-04-29 09:14:00 116.400000 -30.900000 -9999.000000 4.230000 
1955.665522 1955-08-30 13:52:00 116.400000 -30.700000 -9999.000000 5.040000 
1958.218758 1958-03-20 03:03:00 117.200000 -32.300000 7.000000 4.300000 
1959.591002 1959-08-03 07:53:05 117.400000 -32.200000 -9999.000000 2.810000 
1960.116277 1960-02-11 04:21:03 118.300000 -33.700000 -9999.000000 3.120000 
1960.205278 1960-03-14 16:31:14 116.500000 -31.200000 -9999.000000 3.530000 
1960.250420 1960-03-31 04:13:22 118.000000 -33.500000 -9999.000000 3.280000 
1960.339619 1960-05-02 18:07:25 116.800000 -30.100000 -9999.000000 3.060000 
1960.518061 1960-07-06 22:18:41 116.900000 -31.600000 -9999.000000 2.820000 
1960.876779 1960-11-14 22:46:17 116.900000 -31.300000 -9999.000000 3.150000 
1961.381715 1961-05-18 08:56:37 117.300000 -34.200000 -9999.000000 3.240000 
1961.451275 1961-06-12 18:41:43 116.900000 -31.600000 -9999.000000 3.390000 
1961.480203 1961-06-23 08:16:10 116.600000 -31.200000 -9999.000000 2.900000 
1961.486787 1961-06-25 17:59:18 117.200000 -32.200000 18.000000 4.280000 
1961.502893 1961-07-01 15:10:03 116.900000 -32.400000 -9999.000000 2.900000 
1961.518252 1961-07-07 05:47:53 117.000000 -33.100000 -9999.000000 3.280000 
1961.892313 1961-11-20 20:44:52 117.200000 -32.300000 -9999.000000 3.110000 
1962.004762 1961-12-31 22:27:18 116.900000 -31.600000 0.000000 3.020000 
1962.085193 1962-01-30 07:29:49 117.200000 -32.300000 -9999.000000 2.900000 
1962.582704 1962-07-31 00:35:10 118.000000 -30.900000 -9999.000000 2.820000 
1962.963262 1962-12-17 00:29:01 118.100000 -33.600000 0.000000 3.010000 
1963.051483 1963-01-18 05:49:15 117.260000 -32.150000 6.000000 4.370000 
1963.122914 1963-02-13 07:57:53 118.400000 -34.100000 0.000000 3.070000 
1963.325672 1963-04-28 09:18:08 116.400000 -31.000000 -9999.000000 2.840000 
1963.447588 1963-06-11 22:00:04 118.200000 -33.300000 -9999.000000 2.730000 
1963.662180 1963-08-29 07:04:33 116.500000 -31.100000 -9999.000000 3.280000 
1963.887920 1963-11-19 17:52:05 116.300000 -31.000000 18.000000 4.120000 
1964.042231 1964-01-15 02:31:29 117.200000 -32.300000 -9999.000000 3.130000 
1964.220242 1964-03-20 02:56:31 117.200000 -32.300000 -9999.000000 3.130000 
1964.449439 1964-06-11 20:02:19 116.200000 -30.700000 -9999.000000 3.070000 
1964.451505 1964-06-12 14:08:54 118.100000 -33.600000 18.000000 4.030000 
1964.815503 1964-10-23 12:52:55 117.200000 -32.200000 18.000000 3.570000 
1964.824791 1964-10-26 22:18:05 116.200000 -30.700000 -9999.000000 3.070000 
1964.850293 1964-11-05 05:50:55 116.700000 -32.100000 18.000000 3.840000 
1966.071544 1966-01-25 07:06:35 117.000000 -32.800000 18.000000 3.910000 
1966.128449 1966-02-15 01:55:43 117.000000 -32.300000 -9999.000000 3.280000 
1966.148233 1966-02-22 07:21:03 118.110000 -31.450000 -9999.000000 2.770000 
1966.335403 1966-05-01 16:02:51 116.640000 -32.040000 0.000000 3.320000 
1966.348284 1966-05-06 08:57:35 118.800000 -32.300000 18.000000 3.540000 
1966.468996 1966-06-19 11:05:39 117.170000 -32.170000 -9999.000000 2.820000 
1966.725589 1966-09-21 04:20:44 116.420000 -31.120000 -9999.000000 2.900000 
1966.751342 1966-09-30 14:05:13 116.800000 -30.600000 -9999.000000 3.180000 
1966.760419 1966-10-03 21:39:24 117.200000 -30.600000 18.000000 3.620000 
1966.770088 1966-10-07 10:24:48 116.700000 -30.400000 7.000000 3.400000 
1966.894176 1966-11-21 18:08:27 117.310000 -31.980000 -9999.000000 3.000000 
1966.918517 1966-11-30 15:30:59 117.000000 -32.790000 -9999.000000 3.060000 
1966.987770 1966-12-25 22:34:27 116.400000 -31.000000 18.000000 3.810000 
1967.257163 1967-04-03 08:01:07 116.500000 -30.700000 18.000000 3.200000 
1967.663872 1967-08-29 21:09:26 117.300000 -31.900000 18.000000 3.530000 
1967.810519 1967-10-22 10:38:15 117.300000 -32.000000 18.000000 3.610000 
1967.956407 1967-12-14 17:27:44 116.450000 -30.780000 -9999.000000 2.840000 
1968.125228 1968-02-14 09:19:03 117.040000 -32.450000 -9999.000000 2.900000 
1968.157658 1968-02-26 05:35:16 116.250000 -30.940000 -9999.000000 2.980000 
1968.188888 1968-03-08 15:21:00 117.170000 -32.030000 -9999.000000 2.890000 
1968.272212 1968-04-08 01:44:53 117.250000 -30.800000 0.000000 4.300000 
1968.475521 1968-06-21 07:54:56 118.230000 -30.800000 0.000000 3.820000 
1968.669998 1968-08-31 08:40:14 116.210000 -31.120000 -9999.000000 2.910000 
1968.742263 1968-09-26 18:07:41 116.400000 -30.700000 18.000000 3.370000 
1968.770153 1968-10-06 22:36:20 116.400000 -30.910000 25.000000 3.520000 
1968.789817 1968-10-14 02:58:50 116.980000 -31.620000 10.000000 6.580000 
1968.806944 1968-10-20 09:06:49 117.310000 -32.040000 18.000000 3.850000 
1968.911617 1968-11-27 14:39:08 117.180000 -32.290000 18.000000 3.280000 
1968.998831 1968-12-29 11:09:36 116.460000 -30.680000 18.000000 3.150000 
1969.022749 1969-01-07 04:49:00 116.860000 -32.250000 -9999.000000 2.990000 
1969.060475 1969-01-20 23:30:51 117.230000 -32.130000 7.000000 3.730000 
1969.196058 1969-03-11 12:00:41 116.570000 -30.640000 7.000000 3.540000 
1969.224331 1969-03-21 19:50:50 117.250000 -32.150000 7.000000 3.210000 
1969.241723 1969-03-28 04:18:00 117.150000 -31.980000 -9999.000000 2.880000 
1969.257456 1969-04-02 22:12:57 117.000000 -32.400000 7.000000 3.310000 
1969.357518 1969-05-09 11:20:28 117.300000 -32.000000 7.000000 3.600000 
1969.375889 1969-05-16 04:22:47 117.200000 -30.900000 7.000000 3.700000 
1969.443147 1969-06-09 17:57:00 117.010000 -30.660000 -9999.000000 2.850000 
1969.481910 1969-06-23 21:44:00 116.910000 -30.820000 -9999.000000 3.080000 
1969.487717 1969-06-26 00:38:09 117.180000 -30.760000 7.000000 3.500000 
1969.573586 1969-07-27 09:20:47 117.100000 -30.950000 7.000000 4.150000 
1969.643699 1969-08-21 23:57:04 117.160000 -30.750000 0.000000 3.350000 
1969.760113 1969-10-03 12:24:34 117.750000 -30.050000 -9999.000000 2.840000 
1969.813031 1969-10-22 20:17:00 117.110000 -30.860000 -9999.000000 3.090000 
1969.838768 1969-11-01 05:53:00 117.090000 -30.840000 -9999.000000 2.950000 
1969.849859 1969-11-05 07:06:39 116.500000 -31.260000 15.000000 3.080000 
1969.858262 1969-11-08 08:46:00 117.210000 -30.900000 -9999.000000 2.820000 
1969.897314 1969-11-22 15:05:33 116.930000 -32.530000 0.000000 3.630000 
1970.086583 1970-01-30 18:11:01 116.770000 -31.100000 -9999.000000 2.900000 
1970.092521 1970-02-01 22:14:28 116.900000 -32.600000 -9999.000000 2.910000 
1970.193255 1970-03-10 17:15:12 116.512000 -31.092000 15.000000 5.030000 
1970.488357 1970-06-26 12:03:45 116.640000 -30.620000 -9999.000000 2.900000 
1970.494653 1970-06-28 19:14:56 116.660000 -30.890000 -9999.000000 2.820000 
1970.551850 1970-07-19 16:38:02 116.710000 -31.180000 7.000000 3.830000 
1970.650445 1970-08-24 16:53:30 117.300000 -32.000000 -9999.000000 2.870000 
1970.717168 1970-09-18 01:46:39 116.300000 -31.100000 -9999.000000 2.920000 
1970.916900 1970-11-30 00:35:38 117.250000 -32.210000 -9999.000000 2.930000 
1970.990121 1970-12-26 18:25:51 116.310000 -31.080000 7.000000 3.990000 
1971.633406 1971-08-18 17:20:51 117.850000 -31.750000 -9999.000000 3.180000 
1971.951232 1971-12-12 19:21:13 117.280000 -31.980000 -9999.000000 2.930000 
1972.071504 1972-01-25 17:37:54 117.100000 -29.850000 0.000000 4.110000 
1972.089144 1972-02-01 04:15:28 117.060000 -30.900000 -9999.000000 3.000000 
1972.136113 1972-02-18 07:58:43 116.880000 -30.840000 -9999.000000 3.140000 
1972.158390 1972-02-26 11:15:40 117.020000 -30.810000 0.000000 3.390000 
1972.218161 1972-03-19 07:11:57 116.920000 -31.140000 -9999.000000 3.050000 
1972.312001 1972-04-22 13:47:17 118.370000 -30.760000 0.000000 3.240000 
1972.707750 1972-09-14 02:50:39 116.630000 -31.250000 -9999.000000 3.030000 
1972.860624 1972-11-08 22:54:48 117.200000 -30.900000 0.000000 3.170000 
1972.990225 1972-12-26 06:58:22 117.130000 -32.320000 -9999.000000 2.840000 
1973.136189 1973-02-17 14:27:28 117.220000 -30.970000 10.000000 2.800000 
1973.167246 1973-02-28 22:42:06 117.080000 -30.900000 10.000000 3.010000 
1973.205955 1973-03-15 02:01:00 118.250000 -30.900000 10.000000 2.710000 
1973.233812 1973-03-25 06:12:37 116.790000 -29.550000 10.000000 2.940000 
1973.256649 1973-04-02 14:23:14 116.790000 -31.210000 10.000000 3.220000 
1973.836648 1973-10-31 10:33:02 116.660000 -31.380000 10.000000 3.410000 
1974.065738 1974-01-23 02:43:01 116.990000 -32.840000 -9999.000000 3.910000 
1974.157276 1974-02-25 13:07:04 117.230000 -32.300000 -9999.000000 3.750000 
1974.290237 1974-04-15 02:37:36 118.500000 -31.100000 -9999.000000 2.940000 
1974.329941 1974-04-29 14:40:16 116.500000 -30.200000 -9999.000000 3.360000 
1974.365666 1974-05-12 15:49:46 117.010000 -30.830000 -9999.000000 2.940000 
1974.472592 1974-06-20 17:07:17 118.500000 -33.500000 -9999.000000 2.860000 
1974.567119 1974-07-25 05:43:40 117.000000 -32.750000 -9999.000000 2.840000 
1974.681378 1974-09-04 23:17:42 116.970000 -30.790000 -9999.000000 4.350000 
1974.847758 1974-11-04 17:45:20 117.060000 -31.220000 -9999.000000 2.920000 
1974.850799 1974-11-05 20:24:50 117.160000 -30.650000 -9999.000000 3.230000 
1975.059499 1975-01-21 01:50:07 117.080000 -30.830000 -9999.000000 3.100000 
1975.174768 1975-03-04 04:15:50 117.100000 -32.300000 10.000000 2.960000 
1975.198485 1975-03-12 20:09:36 118.200000 -31.000000 -9999.000000 3.000000 
1975.334627 1975-05-01 13:33:15 117.130000 -30.900000 -9999.000000 3.230000 
1975.647411 1975-08-23 19:22:00 116.900000 -30.770000 -9999.000000 3.530000 
1975.680417 1975-09-04 20:41:09 116.900000 -30.770000 -9999.000000 2.810000 
1975.686995 1975-09-07 06:21:08 118.050000 -32.950000 -9999.000000 3.080000 
1975.720599 1975-09-19 12:54:46 116.920000 -30.760000 -9999.000000 2.880000 
1975.728184 1975-09-22 07:24:17 116.830000 -30.640000 -9999.000000 3.050000 
1975.736059 1975-09-25 04:26:03 117.750000 -33.330000 -9999.000000 2.740000 
1975.780714 1975-10-11 11:52:12 116.920000 -32.440000 -9999.000000 3.750000 
1975.895188 1975-11-22 07:19:36 118.200000 -33.100000 -9999.000000 2.740000 
1976.178767 1976-03-04 21:07:38 116.670000 -30.620000 -9999.000000 2.830000 
1976.214557 1976-03-17 22:51:42 116.770000 -30.500000 -9999.000000 2.800000 
1976.363612 1976-05-11 09:26:49 117.090000 -30.900000 -9999.000000 2.800000 
1976.363778 1976-05-11 10:54:13 116.600000 -30.700000 -9999.000000 2.870000 
1976.400745 1976-05-24 22:56:56 117.859000 -33.172000 17.000000 3.230000 
1976.503772 1976-07-01 14:03:42 117.900000 -33.700000 -9999.000000 2.750000 
1976.606570 1976-08-08 03:10:28 116.930000 -34.400000 -9999.000000 2.940000 
1977.031562 1977-01-10 08:34:20 115.100000 -29.500000 -9999.000000 3.640000 
1977.108334 1977-02-07 09:32:13 117.350000 -34.090000 -9999.000000 2.980000 
1977.169777 1977-03-01 20:08:27 117.690000 -33.480000 -9999.000000 3.520000 
1977.188589 1977-03-08 17:02:25 117.480000 -31.170000 -9999.000000 2.810000 
1977.275376 1977-04-09 09:47:57 117.440000 -34.440000 -9999.000000 3.330000 
1977.300332 1977-04-18 12:33:27 116.370000 -30.930000 -9999.000000 3.130000 
1977.375021 1977-05-15 19:16:07 117.950000 -35.000000 10.000000 4.010000 
1977.511914 1977-07-04 19:14:43 117.950000 -31.000000 7.000000 3.070000 
1977.918523 1977-11-30 07:30:12 117.310000 -33.590000 -9999.000000 3.090000 
1978.574395 1978-07-27 20:45:31 117.730000 -33.450000 6.000000 3.440000 
1978.864615 1978-11-10 20:46:06 118.270000 -33.630000 5.000000 2.920000 
1978.881216 1978-11-16 22:17:49 118.400000 -33.400000 0.000000 3.570000 
1978.887713 1978-11-19 07:14:53 118.400000 -34.400000 0.000000 2.690000 
1979.070078 1979-01-24 21:49:15 115.690000 -31.070000 25.000000 3.120000 
1979.277745 1979-04-10 18:11:17 117.760000 -33.400000 5.000000 2.760000 
1979.317530 1979-04-25 06:56:36 118.020000 -33.520000 7.000000 3.230000 
1979.399808 1979-05-25 08:10:19 116.580000 -32.750000 5.000000 2.900000 
1979.421897 1979-06-02 09:47:59 117.104000 -30.821000 3.000000 6.100000 
1979.570047 1979-07-26 12:27:08 117.620000 -31.290000 10.000000 2.820000 
1979.766539 1979-10-06 06:51:59 116.260000 -29.550000 -9999.000000 2.650000 
1980.087355 1980-01-31 11:04:39 117.300000 -30.400000 25.000000 2.870000 
1980.096020 1980-02-03 15:02:12 117.250000 -33.720000 5.000000 3.020000 
1980.262833 1980-04-04 13:17:18 118.200000 -33.150000 0.000000 3.040000 
1980.387135 1980-05-19 22:53:41 118.118000 -30.810000 9.000000 3.090000 
1980.452571 1980-06-12 20:29:38 117.750000 -33.430000 5.000000 2.950000 
1980.614546 1980-08-11 00:20:30 116.510000 -29.850000 -9999.000000 2.800000 
1980.767309 1980-10-05 19:26:06 117.760000 -33.330000 -9999.000000 3.190000 
1980.984860 1980-12-24 06:26:34 116.670000 -34.690000 -9999.000000 3.300000 
1981.159691 1981-02-26 02:58:26 117.810000 -33.560000 -9999.000000 3.310000 
1981.627839 1981-08-16 02:40:40 116.760000 -30.210000 10.000000 2.800000 
1981.925452 1981-12-02 19:29:41 116.740000 -31.000000 10.000000 3.000000 
1982.381307 1982-05-18 07:25:53 117.380000 -32.220000 10.000000 3.120000 
1982.596527 1982-08-04 22:00:52 117.310000 -29.280000 10.000000 3.060000 
1982.777791 1982-10-10 02:56:30 116.740000 -31.000000 7.000000 3.210000 
1982.902510 1982-11-24 16:12:03 117.400000 -32.330000 10.000000 2.850000 
1982.977094 1982-12-21 21:59:19 117.190000 -32.110000 10.000000 3.200000 
1983.007083 1983-01-01 20:52:02 117.180000 -32.100000 10.000000 3.350000 
1983.058308 1983-01-20 13:53:43 118.100000 -33.820000 5.000000 2.820000 
1983.073865 1983-01-26 06:16:12 117.319000 -30.610000 10.000000 4.540000 
1983.122210 1983-02-12 22:03:23 117.730000 -33.410000 10.000000 2.940000 
1983.593686 1983-08-04 02:55:25 118.260000 -31.280000 10.000000 3.090000 
1984.083750 1984-01-30 02:44:11 116.940000 -32.520000 10.000000 2.830000 
1984.446667 1984-06-10 15:59:25 117.370000 -32.230000 10.000000 3.190000 
1984.497100 1984-06-29 02:04:54 117.410000 -32.230000 10.000000 3.500000 
1984.545475 1984-07-16 18:07:51 118.220000 -33.580000 10.000000 2.850000 
1984.613430 1984-08-10 13:48:13 117.300000 -33.980000 5.000000 2.920000 
1984.638800 1984-08-19 20:11:39 117.280000 -33.340000 10.000000 2.890000 
1985.173180 1985-03-03 00:28:25 117.730000 -33.400000 6.000000 2.860000 
1985.318130 1985-04-24 23:04:37 116.690000 -31.990000 10.000000 2.850000 
1985.912282 1985-11-27 23:18:16 117.351000 -30.646000 3.000000 4.360000 
1985.934612 1985-12-06 03:02:19 117.360000 -32.010000 10.000000 3.640000 
1986.112505 1986-02-09 02:24:59 117.880000 -30.880000 5.000000 2.840000 
1986.134373 1986-02-17 02:06:38 117.410000 -32.230000 5.000000 3.340000 
1986.258263 1986-04-03 08:06:36 116.460000 -30.820000 5.000000 2.820000 
1986.264579 1986-04-05 15:28:25 117.390000 -32.220000 5.000000 2.910000 
1986.379254 1986-05-17 12:41:26 117.200000 -33.360000 5.000000 3.940000 
1986.430640 1986-06-05 07:07:58 117.380000 -34.700000 5.000000 2.790000 
1986.464556 1986-06-17 16:25:44 117.810000 -30.750000 5.000000 2.830000 
1986.787135 1986-10-13 12:06:10 118.810000 -33.950000 5.000000 3.260000 
1986.970388 1986-12-19 10:27:39 117.410000 -32.220000 5.000000 3.050000 
1987.055217 1987-01-19 10:03:34 117.710000 -33.410000 13.000000 2.930000 
1987.063874 1987-01-22 13:56:30 118.890000 -30.600000 5.000000 2.820000 
1987.171614 1987-03-02 22:22:13 117.490000 -31.220000 2.000000 3.260000 
1987.189807 1987-03-09 13:50:45 117.780000 -32.440000 5.000000 3.030000 
1987.346958 1987-05-05 23:24:14 116.720000 -32.040000 5.000000 3.790000 
1987.360671 1987-05-10 23:36:35 117.740000 -33.390000 5.000000 3.360000 
1987.365383 1987-05-12 16:54:57 117.370000 -32.240000 5.000000 2.840000 
1987.387342 1987-05-20 17:24:04 116.640000 -31.250000 5.000000 2.840000 
1987.446995 1987-06-11 12:18:42 117.510000 -31.200000 3.000000 3.560000 
1987.511926 1987-07-05 05:28:40 116.340000 -31.780000 5.000000 2.970000 
1987.527563 1987-07-10 22:32:54 117.470000 -31.220000 1.000000 2.900000 
1987.644469 1987-08-22 15:19:50 117.790000 -30.740000 5.000000 3.070000 
1987.736871 1987-09-25 09:18:30 117.880000 -30.690000 5.000000 3.060000 
1987.782911 1987-10-12 04:53:15 118.470000 -34.910000 5.000000 3.350000 
1987.876754 1987-11-15 11:29:33 115.050000 -29.620000 5.000000 2.780000 
1987.951057 1987-12-12 14:49:26 116.680000 -31.030000 2.000000 2.990000 
1987.968728 1987-12-19 01:43:27 117.654000 -31.116000 21.000000 2.890000 
1988.005153 1988-01-01 09:01:15 117.770000 -30.760000 5.000000 3.810000 
1988.018236 1988-01-06 03:42:08 117.500000 -31.200000 2.000000 4.200000 
1988.164969 1988-02-28 17:56:16 118.270000 -33.600000 3.000000 2.990000 
1988.204882 1988-03-14 07:48:24 116.800000 -30.540000 4.000000 3.600000 
1988.217232 1988-03-18 20:03:37 117.170000 -32.150000 5.000000 2.910000 
1988.298667 1988-04-17 13:54:04 116.770000 -30.520000 2.000000 3.160000 
1988.499157 1988-06-29 19:22:02 117.490000 -31.200000 5.000000 3.060000 
1988.518701 1988-07-06 22:40:52 116.790000 -30.530000 2.000000 2.820000 
1988.529102 1988-07-10 17:51:07 117.940000 -33.500000 5.000000 3.160000 
1988.634718 1988-08-18 07:39:41 116.540000 -33.310000 1.000000 2.880000 
1988.673496 1988-09-01 11:34:57 116.560000 -33.300000 2.000000 2.810000 
1988.697702 1988-09-10 07:46:03 116.560000 -33.320000 1.000000 3.160000 
1988.826410 1988-10-27 08:00:08 117.740000 -30.780000 0.000000 2.840000 
1989.094639 1989-02-02 07:14:34 117.240000 -31.160000 6.000000 2.840000 
1989.125544 1989-02-13 14:09:12 116.800000 -30.540000 2.000000 2.790000 
1989.250330 1989-03-31 04:00:05 116.929000 -30.943000 20.000000 3.180000 
1989.303457 1989-04-19 13:42:27 116.927000 -34.355000 1.000000 2.910000 
1989.460035 1989-06-15 18:14:26 117.286000 -33.348000 12.000000 2.920000 
1989.562147 1989-07-23 01:20:02 118.334000 -33.567000 1.000000 3.110000 
1989.956862 1989-12-14 05:20:12 117.220000 -33.346000 2.000000 2.900000 
1990.055305 1990-01-19 04:16:03 116.508000 -31.044000 4.000000 2.860000 
1990.093032 1990-02-01 22:58:16 117.809000 -33.449000 0.000000 3.140000 
1990.211542 1990-03-17 05:48:41 117.821000 -33.413000 5.000000 3.360000 
1990.291796 1990-04-15 13:17:58 116.797000 -30.549000 3.000000 2.930000 
1990.331850 1990-04-30 04:24:30 116.808000 -30.529000 1.000000 3.210000 
1990.361971 1990-05-11 04:26:44 116.812000 -30.548000 1.000000 3.070000 
1990.415735 1990-05-30 19:43:47 116.806000 -30.534000 3.000000 3.360000 
1990.479202 1990-06-23 00:03:49 116.783000 -30.533000 4.000000 3.000000 
1990.484318 1990-06-24 20:55:00 116.810000 -30.535000 1.000000 3.000000 
1990.702202 1990-09-12 10:50:29 116.800000 -30.570000 2.000000 2.860000 
1990.976576 1990-12-21 15:57:05 117.491000 -31.195000 4.000000 2.860000 
1991.024660 1991-01-08 05:27:08 117.066000 -30.616000 3.200000 3.430000 
1991.184420 1991-03-07 13:52:23 117.329000 -31.220000 1.000000 2.930000 
1991.336837 1991-05-02 05:56:21 115.886000 -33.738000 2.000000 3.000000 
1991.467697 1991-06-19 01:01:33 116.916000 -32.527000 7.000000 2.860000 
1991.497657 1991-06-29 23:39:04 117.051000 -30.612000 1.000000 2.860000 
1991.568878 1991-07-25 23:57:39 118.075000 -33.647000 1.000000 2.860000 
1991.629133 1991-08-17 00:08:43 115.699000 -29.127000 5.000000 3.140000 
1991.698036 1991-09-11 04:08:09 118.851000 -34.822000 5.000000 2.860000 
1991.887151 1991-11-19 05:53:03 118.130000 -33.300000 5.000000 2.930000 
1991.948767 1991-12-11 17:59:55 117.745000 -30.394000 2.000000 3.360000 
1991.952738 1991-12-13 04:48:17 117.360000 -34.389000 1.000000 4.230000 
1992.013250 1992-01-04 07:14:51 117.279000 -31.997000 1.000000 3.430000 
1992.042251 1992-01-14 21:27:29 117.275000 -31.997000 5.000000 3.140000 
1992.254346 1992-04-01 08:39:01 117.699000 -30.861000 3.000000 3.070000 
1992.718394 1992-09-17 20:24:16 117.835000 -33.936000 5.000000 2.930000 
1993.054059 1993-01-18 10:46:43 117.275000 -31.989000 1.000000 3.000000 
1993.108256 1993-02-07 05:51:39 116.363000 -30.522000 5.000000 3.210000 
1993.199886 1993-03-12 17:04:33 115.556000 -30.075000 9.000000 3.280000 
1993.397956 1993-05-24 01:19:15 118.258000 -33.595000 1.000000 2.860000 
1993.448330 1993-06-11 10:53:01 117.196000 -32.143000 5.000000 2.930000 
1993.619216 1993-08-12 20:50:40 117.421000 -32.249000 2.000000 2.930000 
1993.635595 1993-08-18 20:24:54 118.184000 -30.930000 1.000000 2.930000 
1994.199815 1994-03-12 22:15:38 117.412000 -32.152000 1.000000 2.860000 
1994.227597 1994-03-23 01:47:41 117.255000 -31.166000 5.000000 2.860000 
1994.254137 1994-04-01 18:26:19 117.263000 -31.171000 5.000000 2.860000 
1994.268647 1994-04-07 01:38:01 116.207000 -29.802000 1.000000 2.860000 
1994.322287 1994-04-26 15:49:39 118.481000 -30.605000 5.000000 4.060000 
1994.367521 1994-05-13 04:20:40 117.247000 -31.175000 5.000000 3.070000 
1994.433910 1994-06-06 10:17:36 118.074000 -33.715000 5.000000 3.140000 
1994.447799 1994-06-11 12:02:56 117.903000 -31.537000 5.000000 2.860000 
1994.526220 1994-07-10 03:27:59 118.422000 -33.609000 5.000000 3.070000 
1994.701442 1994-09-12 03:26:00 118.194000 -33.679000 1.000000 2.860000 
1994.765961 1994-10-05 16:59:30 117.782000 -33.455000 1.000000 3.070000 
1994.779888 1994-10-10 19:04:25 118.116000 -32.699000 5.000000 2.930000 
1994.782155 1994-10-11 14:56:47 118.056000 -33.673000 2.000000 2.860000 
1994.836123 1994-10-31 08:01:18 117.855000 -33.872000 1.000000 2.930000 
1994.875073 1994-11-14 13:26:55 118.388000 -30.725000 9.000000 2.930000 
1994.900563 1994-11-23 20:53:29 116.736000 -31.977000 5.000000 3.210000 
1994.946668 1994-12-10 17:02:23 118.519000 -34.969000 1.000000 3.000000 
1995.066143 1995-01-23 08:19:48 117.218000 -34.249000 5.000000 3.070000 
1995.090966 1995-02-01 09:55:41 118.686000 -33.743000 5.000000 3.070000 
1995.304895 1995-04-20 13:11:30 118.184000 -33.282000 1.800000 3.430000 
1995.482623 1995-06-24 11:06:55 117.710000 -30.367000 3.000000 3.070000 
1995.539122 1995-07-15 02:22:31 115.546000 -30.058000 5.000000 3.140000 
1995.634633 1995-08-18 23:36:46 117.509000 -31.222000 5.000000 2.930000 
1995.824645 1995-10-27 09:13:08 117.281000 -31.219000 0.800000 3.000000 
1996.196680 1996-03-11 06:24:24 117.610000 -31.454000 1.000000 3.280000 
1996.373826 1996-05-14 23:14:05 116.802000 -34.036000 1.000000 3.210000 
1996.539174 1996-07-14 08:39:01 118.021000 -33.690000 1.000000 3.000000 
1996.721582 1996-09-18 23:35:54 116.724000 -31.978000 1.000000 3.280000 
1996.823947 1996-10-26 08:54:37 117.909000 -33.900000 1.000000 3.740000 
1996.881152 1996-11-16 06:21:38 117.685000 -31.454000 3.000000 3.430000 
1996.966560 1996-12-17 11:02:05 116.587000 -31.004000 5.000000 3.070000 
1996.974222 1996-12-20 06:11:39 116.568000 -31.009000 3.000000 3.070000 
1997.003840 1996-12-31 01:49:23 117.282000 -31.200000 5.000000 2.930000 
1997.239804 1997-03-27 06:14:18 117.673000 -31.475000 5.000000 3.430000 
1997.670701 1997-08-31 15:23:50 117.684000 -31.449000 5.000000 4.490000 
1997.939294 1997-12-07 17:50:09 116.490000 -30.998000 5.000000 3.210000 
1998.329986 1998-04-29 10:34:08 117.477000 -31.207000 3.000000 3.210000 
1998.363026 1998-05-11 12:11:26 118.080000 -33.694000 1.000000 3.360000 
1998.406285 1998-05-27 07:23:46 118.195000 -34.031000 5.000000 3.000000 
1998.438150 1998-06-07 22:42:56 117.683000 -31.464000 5.000000 3.660000 
1999.062382 1999-01-21 22:37:01 117.860000 -30.931000 1.000000 2.930000 
1999.062554 1999-01-22 00:07:23 116.936000 -33.970000 1.000000 3.360000 
1999.145884 1999-02-21 10:34:54 117.855000 -30.881000 3.000000 2.860000 
1999.214820 1999-03-18 14:51:26 117.705000 -31.476000 5.000000 2.930000 
1999.232808 1999-03-25 04:32:07 117.700000 -31.489000 4.000000 2.860000 
1999.316051 1999-04-24 14:14:05 117.246000 -34.264000 1.000000 2.860000 
1999.533662 1999-07-13 01:46:13 117.480000 -31.210000 3.000000 3.070000 
1999.557742 1999-07-21 20:50:49 118.170000 -30.820000 2.000000 2.860000 
1999.778376 1999-10-10 10:53:14 117.900000 -30.940000 6.000000 2.860000 
1999.799864 1999-10-18 07:14:33 117.760000 -34.050000 1.000000 2.860000 
2000.094664 2000-02-02 23:24:17 118.255000 -33.700000 5.000000 3.360000 
2000.113923 2000-02-10 00:13:54 117.790000 -30.750000 3.000000 2.860000 
2000.154595 2000-02-24 20:44:56 117.790000 -30.750000 8.000000 3.430000 
2000.431931 2000-06-05 03:49:46 118.574000 -30.578000 2.000000 3.140000 
2000.730620 2000-09-22 06:04:48 117.058000 -30.526000 1.100000 3.660000 
2000.880674 2000-11-16 01:25:30 118.386000 -34.537000 0.000000 3.140000 
2000.928605 2000-12-03 13:34:26 117.820000 -30.614000 0.000000 2.930000 
2000.992332 2000-12-26 20:11:41 118.063000 -30.844000 0.000000 2.860000 
2001.013660 2001-01-03 15:09:05 118.036000 -30.873000 5.000000 3.070000 
2001.089034 2001-01-31 03:52:11 116.961000 -30.534000 0.000000 3.070000 
2001.167862 2001-02-28 22:51:45 117.691000 -31.460000 5.000000 2.860000 
2001.191989 2001-03-09 18:21:08 118.271000 -31.904000 2.000000 2.930000 
2001.314638 2001-04-23 13:28:20 116.658000 -32.976000 2.000000 3.000000 
2001.500226 2001-06-30 08:17:56 117.822000 -32.145000 0.000000 3.140000 
2001.618782 2001-08-12 15:32:14 117.778000 -32.111000 0.000000 2.860000 
2001.746024 2001-09-28 02:54:56 117.061000 -30.536000 2.300000 5.020000 
2001.968009 2001-12-18 04:47:51 117.683000 -31.378000 1.000000 2.930000 
2001.991522 2001-12-26 18:54:44 117.688000 -31.380000 2.900000 3.280000 
2002.138836 2002-02-18 14:14:08 116.480000 -33.542000 3.000000 2.860000 
2002.342740 2002-05-04 01:37:22 117.738000 -32.070000 3.000000 3.000000 
2002.449736 2002-06-12 03:31:40 117.097000 -32.389000 0.000000 3.000000 
2002.799395 2002-10-17 20:34:34 118.324000 -30.505000 0.000000 2.860000 
2002.859548 2002-11-08 19:51:58 117.028000 -30.188000 1.000000 3.000000 
2003.204730 2003-03-14 21:39:34 117.779000 -33.405000 1.100000 2.860000 
2003.292070 2003-04-15 19:16:20 118.709000 -31.196000 10.000000 3.000000 
2003.549533 2003-07-18 20:08:32 116.547000 -31.172000 0.000000 3.070000 
2003.613694 2003-08-11 06:34:10 117.157000 -31.981000 0.000000 2.860000 
2004.097517 2004-02-03 23:39:57 117.094000 -30.746000 0.000000 3.140000 
2004.280283 2004-04-10 17:45:36 117.971000 -30.991000 0.700000 2.860000 
2004.577814 2004-07-28 09:51:27 118.294000 -33.593000 0.000000 2.860000 
2004.671314 2004-08-31 13:27:50 117.005000 -30.589000 5.000000 2.860000 
2004.681955 2004-09-04 10:44:34 117.030000 -30.902000 1.700000 3.070000 
2004.698161 2004-09-10 08:47:51 117.061000 -30.550000 5.000000 3.210000 
2004.783450 2004-10-11 12:25:27 117.098000 -30.879000 0.000000 3.280000 
2004.902810 2004-11-24 02:42:56 117.726000 -30.548000 10.000000 4.160000 
2004.956054 2004-12-13 13:26:29 117.070000 -30.427000 2.100000 3.210000 
2005.012094 2005-01-03 00:40:30 117.479000 -30.652000 1.500000 3.590000 
2005.126392 2005-02-13 18:35:36 117.539000 -30.652000 9.400000 3.070000 
2005.156323 2005-02-24 16:57:41 117.485000 -30.629000 2.500000 3.430000 
2005.163320 2005-02-27 06:17:36 118.282000 -33.606000 0.000000 3.660000 
2005.207872 2005-03-15 12:49:55 116.844000 -32.527000 0.000000 3.000000 
2005.209312 2005-03-16 01:27:17 117.464000 -30.639000 2.600000 3.550000 
2005.213778 2005-03-17 16:36:11 116.604000 -31.116000 10.400000 3.000000 
2005.215886 2005-03-18 11:04:49 117.343000 -30.717000 10.000000 3.070000 
2005.234275 2005-03-25 04:16:45 117.217000 -31.160000 5.000000 3.140000 
2005.290519 2005-04-14 17:17:59 118.344000 -33.507000 0.000000 3.070000 
2005.292220 2005-04-15 08:12:33 116.714000 -31.968000 2.000000 2.860000 
2005.301082 2005-04-18 13:53:32 118.273000 -33.614000 2.000000 3.070000 
2005.336199 2005-05-01 09:43:16 117.912000 -30.194000 2.700000 4.060000 
2005.349576 2005-05-06 06:59:04 115.963000 -31.635000 2.000000 3.070000 
2005.365356 2005-05-12 01:18:37 117.203000 -31.953000 5.000000 2.930000 
2005.375920 2005-05-15 21:54:26 117.423000 -30.689000 10.000000 3.070000 
2005.407665 2005-05-27 12:10:44 117.447000 -30.650000 4.300000 3.430000 
2005.451321 2005-06-12 10:51:19 117.108000 -30.802000 2.300000 4.230000 
2005.452434 2005-06-12 20:36:44 117.030000 -30.558000 7.600000 4.400000 
2005.483948 2005-06-24 08:51:49 116.604000 -31.304000 5.000000 2.860000 
2005.626443 2005-08-15 09:56:50 118.236000 -30.750000 1.800000 2.860000 
2005.692724 2005-09-08 14:57:06 117.144000 -30.760000 0.000000 3.140000 
2005.729210 2005-09-21 22:46:41 117.165000 -30.146000 2.000000 4.060000 
2005.812244 2005-10-22 06:38:19 117.878000 -30.225000 2.900000 3.000000 
2005.906918 2005-11-25 20:32:21 117.195000 -30.134000 2.200000 3.660000 
2005.921216 2005-12-01 01:52:03 117.038000 -30.536000 2.500000 3.140000 
2006.065684 2006-01-22 20:15:09 118.294000 -33.378000 0.000000 2.860000 
2006.177573 2006-03-04 17:03:00 115.912000 -33.618000 0.000000 3.000000 
2006.183968 2006-03-07 01:06:08 117.142000 -30.146000 2.200000 3.660000 
2006.211783 2006-03-17 04:55:26 118.261000 -30.760000 2.800000 2.860000 
2006.245554 2006-03-29 12:57:39 117.685000 -30.280000 0.000000 3.210000 
2006.339899 2006-05-02 23:57:50 117.725000 -30.266000 3.000000 2.860000 
2006.700701 2006-09-11 18:41:12 118.877000 -32.382000 2.200000 2.860000 
2007.248190 2007-03-30 17:52:22 116.274000 -33.390000 0.000000 2.860000 
2007.597426 2007-08-05 07:12:40 117.648000 -33.185000 17.000000 3.590000 
2007.777302 2007-10-09 23:58:40 117.505000 -33.946000 0.000000 4.700000 
2007.797005 2007-10-17 04:41:03 117.283000 -30.602000 2.000000 2.930000 
2007.804556 2007-10-19 22:52:29 118.177000 -33.275000 1.000000 3.000000 
2008.052315 2008-01-18 10:40:56 118.590000 -30.534000 13.900000 3.070000 
2008.180565 2008-03-05 06:54:06 117.983000 -30.764000 6.000000 2.860000 
2008.233798 2008-03-24 17:31:56 118.385000 -30.668000 12.800000 3.210000 
2008.266030 2008-04-05 12:04:25 117.781000 -30.349000 1.100000 3.000000 
2008.279280 2008-04-10 08:13:13 116.960000 -30.429000 12.000000 3.070000 
2008.286544 2008-04-12 23:53:33 118.023000 -30.925000 6.000000 3.000000 
2008.309314 2008-04-21 07:29:40 117.210000 -30.581000 10.000000 3.070000 
2008.343852 2008-05-03 22:14:31 117.365000 -31.168000 5.000000 3.740000 
2008.379715 2008-05-17 00:36:45 116.975000 -30.117000 0.000000 3.510000 
2008.380682 2008-05-17 09:05:27 117.501000 -30.664000 11.100000 3.000000 
2008.557295 2008-07-20 21:14:47 116.759000 -32.004000 3.000000 2.930000 
2008.589718 2008-08-01 17:27:48 117.132000 -30.495000 0.000000 3.280000 
2008.608084 2008-08-08 10:27:25 117.281000 -30.466000 3.700000 2.860000 
2008.855008 2008-11-06 14:56:27 116.655000 -30.876000 8.000000 3.360000 
2008.962007 2008-12-15 16:52:48 118.889000 -30.409000 7.200000 3.070000 
2009.119798 2009-02-11 08:02:38 116.640000 -33.390000 10.000000 2.930000 
2009.188860 2009-03-08 13:25:26 117.143000 -30.045000 7.000000 2.860000 
2009.269106 2009-04-06 20:50:40 117.190800 -31.950000 0.000000 3.210000 
2009.272834 2009-04-08 05:31:50 116.881000 -34.148000 0.000000 4.060000 
2009.611395 2009-08-09 21:17:31 117.734000 -30.234000 3.500000 3.000000 
2010.246516 2010-03-29 20:38:21 117.032000 -30.533000 0.000000 3.210000 
2010.260228 2010-04-03 20:50:25 118.316000 -30.683000 0.000000 2.930000 
2010.286505 2010-04-13 11:10:49 117.284000 -31.309000 4.000000 2.930000 
2010.308931 2010-04-21 15:45:36 118.049000 -32.322000 3.000000 3.070000 
2010.331847 2010-04-30 00:38:17 117.763000 -30.754000 7.000000 3.070000 
2010.337765 2010-05-02 04:30:41 118.002000 -30.714000 11.000000 2.930000 
2010.365902 2010-05-12 11:09:08 118.278000 -33.646000 4.000000 2.930000 
2010.579782 2010-07-29 13:59:33 116.460000 -30.640000 1.000000 3.070000 
2010.669664 2010-08-31 09:52:32 117.799000 -30.875000 1.000000 2.930000 
2010.674523 2010-09-02 04:27:58 117.799000 -30.855000 0.000000 2.930000 
2010.742346 2010-09-26 22:59:34 117.447000 -30.520000 0.000000 3.140000 
2010.765192 2010-10-05 07:15:30 117.768000 -30.262000 0.000000 2.930000 
2010.798461 2010-10-17 10:53:10 117.759000 -30.209000 0.000000 3.140000 
2010.835503 2010-10-30 23:35:40 118.207900 -33.303000 2.100000 3.070000 
2010.980532 2010-12-22 22:53:12 117.782000 -30.661000 5.000000 2.860000 
2011.080272 2011-01-28 09:11:09 117.962000 -33.970000 0.000000 2.860000 
2011.085721 2011-01-30 08:57:03 118.105000 -30.535000 0.000000 2.860000 
2011.321810 2011-04-26 14:27:52 117.155000 -30.508000 0.000000 3.520000 
2011.544825 2011-07-17 01:22:28 117.800000 -31.837000 2.000000 2.860000 
2011.581910 2011-07-30 14:27:02 118.074000 -31.288000 0.000000 2.930000 
2011.582692 2011-07-30 21:18:45 118.050000 -31.295000 5.000000 2.930000 
2011.584578 2011-07-31 13:50:22 115.855000 -30.122000 16.000000 2.860000 
2011.597806 2011-08-05 09:47:50 118.915000 -33.201000 10.000000 3.000000 
2011.728663 2011-09-22 04:51:58 117.217000 -33.733000 5.000000 3.490000 
2011.743991 2011-09-27 19:13:38 117.800000 -30.642000 2.000000 3.280000 
2011.765652 2011-10-05 17:06:17 117.236000 -33.730000 16.000000 3.550000 
2011.782567 2011-10-11 21:22:23 117.135000 -30.161000 11.000000 3.000000 
2011.837761 2011-11-01 01:11:42 117.611000 -31.151000 10.000000 2.860000 
2011.909598 2011-11-27 06:54:25 117.560000 -30.633000 0.000000 3.000000 
2012.031415 2012-01-10 18:44:01 118.222000 -33.308000 0.000000 3.400000 
2012.068945 2012-01-24 11:42:30 116.935000 -30.449000 10.600000 3.210000 
2012.082867 2012-01-29 13:45:02 118.988000 -32.183000 10.000000 3.000000 
2012.152287 2012-02-23 22:16:36 118.651000 -30.500000 10.000000 2.860000 
2012.191530 2012-03-09 06:16:26 117.840000 -30.410000 8.000000 3.490000 
2012.194180 2012-03-10 05:30:04 117.005000 -34.125000 10.000000 3.140000 
2012.204097 2012-03-13 20:26:01 117.186000 -34.134000 15.000000 3.210000 
2012.236556 2012-03-25 16:57:41 117.843000 -30.405000 10.000000 3.490000 
2012.308722 2012-04-21 01:33:15 118.203000 -31.222000 11.000000 3.210000 
2012.332112 2012-04-29 14:34:53 118.004000 -33.331000 12.000000 2.860000 
2012.356836 2012-05-08 15:18:50 117.841000 -30.217000 16.000000 2.860000 
2012.523193 2012-07-08 09:33:51 116.603000 -29.130000 10.000000 2.860000 
2012.550547 2012-07-18 09:20:55 117.794000 -30.429000 2.000000 3.620000 
2012.610211 2012-08-09 04:20:52 117.770000 -30.436000 4.000000 3.070000 
2012.610236 2012-08-09 04:33:58 117.836000 -30.411000 6.000000 3.070000 
2012.623503 2012-08-14 00:51:56 117.789000 -30.452000 10.000000 3.070000 
2012.625343 2012-08-14 16:59:34 116.467000 -31.877000 0.000000 2.860000 
2012.663984 2012-08-28 19:42:42 117.773000 -30.438000 5.000000 3.070000 
2012.681969 2012-09-04 09:21:58 117.705000 -30.495000 10.000000 2.860000 
2012.687852 2012-09-06 12:56:07 118.561000 -33.320000 0.000000 2.930000 
2012.728459 2012-09-21 08:53:09 117.705000 -30.425000 0.000000 2.860000 
2012.877617 2012-11-14 20:23:03 117.802000 -30.322000 2.000000 3.070000 
2012.944616 2012-12-09 07:41:04 117.608000 -31.232000 0.000000 2.930000 
2012.954327 2012-12-12 20:48:35 118.824000 -32.261000 10.000000 2.860000 
2013.091177 2013-01-31 20:24:30 118.829000 -32.281000 10.000000 2.860000 
2013.092708 2013-02-01 09:49:46 117.427000 -30.650000 2.000000 3.360000 
2013.116040 2013-02-09 22:21:02 117.406000 -30.644000 0.000000 2.930000 
2013.134327 2013-02-16 14:38:53 118.883000 -32.252000 6.000000 2.930000 
2013.179955 2013-03-05 06:37:12 117.431000 -30.654000 4.000000 3.000000 
2013.273390 2013-04-08 09:39:07 116.770000 -29.194000 0.000000 2.860000 
2013.320228 2013-04-25 12:13:45 118.859000 -31.198000 6.000000 2.860000 
2013.380800 2013-05-17 15:11:06 117.456000 -30.619000 4.000000 3.460000 
2013.387878 2013-05-20 05:14:04 116.745000 -29.143000 15.000000 2.860000 
2013.393988 2013-05-22 10:47:38 117.066000 -34.396000 0.000000 2.930000 
2013.427147 2013-06-03 13:27:21 117.420000 -30.651000 0.000000 3.000000 
2013.427151 2013-06-03 13:29:28 117.430000 -30.630000 2.000000 3.000000 
2013.427911 2013-06-03 20:09:14 116.646000 -34.435000 10.000000 3.000000 
2013.427942 2013-06-03 20:25:26 116.977000 -34.292000 0.000000 3.140000 
2013.454760 2013-06-13 15:30:20 117.439000 -30.628000 5.000000 3.070000 
2013.454781 2013-06-13 15:41:31 117.375000 -30.672000 0.000000 3.070000 
2013.513441 2013-07-05 01:53:33 117.591000 -33.458000 5.000000 3.140000 
2013.553689 2013-07-19 18:42:08 117.454000 -32.123000 5.000000 2.930000 
2013.556052 2013-07-20 15:24:40 117.702000 -33.541000 5.000000 2.860000 
2013.563600 2013-07-23 09:34:42 117.905000 -30.857000 9.000000 3.070000 
2013.626106 2013-08-15 05:29:33 118.906000 -30.361000 10.000000 2.930000 
2013.643167 2013-08-21 11:02:57 117.655000 -33.449000 0.000000 3.140000 
2013.685028 2013-09-05 17:59:31 117.936000 -30.957000 2.000000 2.860000 
2013.699380 2013-09-10 23:48:01 118.879000 -30.336000 13.000000 3.000000 
2013.720567 2013-09-18 17:31:08 117.610000 -30.662000 7.000000 3.000000 
2013.731742 2013-09-22 19:28:58 117.619000 -33.457000 5.000000 2.860000 
2013.747892 2013-09-28 17:02:51 117.064000 -34.257000 0.000000 3.000000 
2013.754982 2013-10-01 07:12:00 117.566000 -33.451000 6.000000 2.930000 
2013.764662 2013-10-04 20:03:00 117.658000 -30.622000 0.000000 3.510000 
2013.781193 2013-10-10 20:57:22 117.010000 -30.473000 10.000000 2.930000 
2013.851906 2013-11-05 16:48:44 117.604000 -30.651000 12.000000 2.930000 
2013.914480 2013-11-28 13:19:48 117.228000 -34.127000 7.000000 2.860000 
2013.922639 2013-12-01 12:50:52 117.383000 -30.669000 17.000000 2.930000 
2013.923382 2013-12-01 19:21:33 118.866000 -30.341000 1.000000 2.860000 
2013.938334 2013-12-07 06:25:22 117.116000 -30.495000 9.000000 2.930000 
2013.958425 2013-12-14 14:32:36 117.026000 -32.248000 13.000000 3.210000 
2013.964186 2013-12-16 17:02:18 117.479000 -30.613000 10.000000 2.860000 
2013.968178 2013-12-18 04:01:57 117.420000 -30.654000 6.000000 2.860000 
2013.982421 2013-12-23 08:52:52 116.269000 -31.187000 1.000000 3.000000 
2014.036746 2014-01-12 05:05:20 116.845000 -29.190000 0.000000 2.860000 
2014.069081 2014-01-24 00:32:02 117.678000 -30.610000 0.000000 3.210000 
2014.088535 2014-01-31 03:03:25 117.585000 -33.454000 6.000000 3.140000 
2014.092927 2014-02-01 17:33:48 117.110000 -30.549000 14.000000 2.860000 
2014.109446 2014-02-07 18:21:51 117.097000 -30.536000 14.000000 2.860000 
2014.114069 2014-02-09 10:53:09 117.740000 -30.491000 3.000000 2.930000 
2014.183993 2014-03-06 23:49:46 117.761000 -30.402000 0.000000 2.860000 
2014.263747 2014-04-05 02:55:54 117.778000 -30.414000 7.000000 3.280000 
2014.364323 2014-05-11 20:34:11 117.474000 -30.618000 12.000000 3.140000 
2014.446433 2014-06-10 20:19:29 117.767000 -30.436000 10.000000 2.930000 
2014.455649 2014-06-14 05:06:50 116.771000 -29.200000 7.000000 2.860000 
2014.521553 2014-07-08 06:49:07 116.172000 -30.463000 10.000000 3.070000 
2014.528754 2014-07-10 21:56:29 118.617000 -30.493000 10.000000 2.860000 
2014.547546 2014-07-17 18:39:53 117.798000 -30.371000 13.000000 3.430000 
2014.561368 2014-07-22 19:49:46 117.689000 -30.642000 10.000000 3.400000 
2014.563909 2014-07-23 18:05:48 118.065000 -33.442000 0.000000 2.930000 
2014.574962 2014-07-27 18:59:24 116.976000 -32.271000 12.000000 2.860000 
2014.589828 2014-08-02 05:17:51 116.804000 -29.192000 0.000000 2.860000 
2014.605248 2014-08-07 20:28:01 118.921000 -32.254000 10.000000 2.930000 
2014.680342 2014-09-04 06:44:03 117.840000 -30.480000 10.000000 3.070000 
2014.680361 2014-09-04 06:53:55 117.787000 -30.386000 10.000000 2.930000 
2014.692004 2014-09-08 12:57:26 117.207000 -33.710000 12.000000 2.930000 
2014.739696 2014-09-25 23:01:05 117.793000 -30.477000 10.000000 2.860000 
2014.834902 2014-10-30 17:34:26 117.919000 -30.310000 10.000000 3.590000 
2014.847122 2014-11-04 04:41:29 117.870000 -30.142000 10.000000 3.140000 
2014.849753 2014-11-05 03:45:07 117.111000 -33.701000 6.000000 3.000000 
2014.850719 2014-11-05 12:13:32 117.249000 -33.699000 13.000000 2.930000 
2014.852173 2014-11-06 00:58:12 117.629000 -30.652000 5.700000 2.860000 
2014.860056 2014-11-08 22:04:20 117.766000 -30.416000 0.000000 2.860000 
2014.926302 2014-12-03 02:46:04 117.668000 -30.617000 6.000000 3.000000 
2014.931913 2014-12-05 03:57:28 117.153300 -30.738000 5.200000 3.070000 
2014.940297 2014-12-08 05:26:48 116.807000 -29.142000 10.000000 3.000000 
2015.179583 2015-03-05 14:58:51 117.298000 -30.285000 14.000000 3.210000 
2015.438823 2015-06-08 07:26:00 117.669000 -30.303000 14.000000 2.860000 
2015.675337 2015-09-02 16:40:22 116.086000 -33.092000 10.000000 3.360000 
2015.687703 2015-09-07 05:04:17 116.656000 -29.306000 0.000000 2.860000 
2015.698994 2015-09-11 08:02:33 117.071000 -30.719000 17.000000 2.930000 
2015.744645 2015-09-28 00:12:24 117.927000 -31.878000 10.000000 3.140000 
2015.840397 2015-11-01 23:33:22 117.846000 -30.875000 12.000000 3.070000 
2015.936069 2015-12-06 22:12:07 118.086000 -33.508000 10.000000 3.140000 
2016.002853 2015-12-31 07:36:47 117.551500 -30.643000 10.000000 2.860000 
2016.172260 2016-03-02 04:36:28 117.714000 -33.480000 15.000000 2.930000 
2016.249945 2016-03-30 13:34:37 117.263500 -30.348200 3.300000 3.360000 
2016.397956 2016-05-23 15:00:42 117.737000 -30.455000 10.000000 3.280000 
2016.423452 2016-06-01 22:30:17 116.942000 -32.154000 7.000000 2.930000 
2016.455474 2016-06-13 15:12:15 118.454400 -30.708200 10.000000 3.000000 
2016.488850 2016-06-25 19:46:19 117.613000 -31.482000 0.000000 2.860000 
2016.500332 2016-06-30 00:25:28 117.343000 -30.137000 17.000000 3.460000 
2016.514763 2016-07-05 06:55:28 117.512000 -30.054000 0.000000 3.400000 
2016.543127 2016-07-15 15:33:21 117.087400 -30.858600 1.700000 2.860000 
2016.722683 2016-09-19 05:30:28 116.570000 -29.383000 5.000000 3.000000 
2016.880532 2016-11-15 21:10:54 118.404000 -30.690000 10.000000 2.930000 
2016.933505 2016-12-05 05:31:57 116.550000 -29.334000 10.000000 3.140000 
2016.984972 2016-12-24 00:40:55 117.120000 -30.826000 10.000000 3.530000 
2017.002307 2016-12-30 08:38:17 117.799000 -30.432000 10.000000 2.860000 
2017.014042 2017-01-03 15:30:19 118.455000 -30.609000 10.000000 4.130000 
2017.018428 2017-01-05 05:57:11 118.219000 -30.701000 10.000000 2.930000 
2017.021438 2017-01-06 08:20:08 118.218000 -30.669000 10.000000 2.930000 
2017.081221 2017-01-28 04:23:10 118.841000 -32.187000 10.000000 3.000000 
2017.088365 2017-01-30 19:00:37 118.932000 -32.089000 10.000000 3.000000 
2017.218681 2017-03-19 09:20:08 117.786000 -30.420000 10.000000 3.210000 
2017.278383 2017-04-10 04:40:06 117.796000 -30.429000 10.000000 3.140000 
