1880.071578 1880-01-25 11:30:00 138.367000 -33.617000 9.000000 3.300000 
1880.328713 1880-04-28 09:30:00 139.250000 -35.333000 7.000000 3.820000 
1882.215931 1882-03-18 16:30:00 138.900000 -35.267000 7.000000 3.120000 
1882.718680 1882-09-18 07:30:00 138.630000 -34.517000 7.000000 3.180000 
1883.518887 1883-07-07 13:58:00 138.700000 -35.100000 10.000000 4.230000 
1884.712583 1884-09-15 13:41:00 138.833000 -32.983000 6.000000 3.000000 
1886.420133 1886-06-01 05:45:00 138.717000 -35.117000 7.000000 3.430000 
1886.529764 1886-07-11 06:45:00 138.617000 -33.500000 11.000000 3.620000 
1886.747427 1886-09-28 18:45:00 138.900000 -34.250000 10.000000 4.090000 
1887.025753 1887-01-08 10:30:00 138.000000 -32.450000 10.000000 4.590000 
1887.294372 1887-04-16 13:10:00 139.000000 -33.500000 10.000000 4.020000 
1887.295399 1887-04-16 22:10:00 135.800000 -34.300000 14.000000 4.970000 
1887.602729 1887-08-07 04:10:00 138.450000 -32.533000 8.000000 3.750000 
1889.122564 1889-02-12 06:45:00 139.000000 -34.000000 0.000000 4.160000 
1889.197181 1889-03-11 12:50:00 137.750000 -34.100000 8.000000 3.820000 
1890.564387 1890-07-23 21:30:00 138.700000 -32.850000 8.000000 3.890000 
1891.663631 1891-08-29 09:16:00 138.367000 -31.917000 10.000000 4.020000 
1893.620426 1893-08-13 02:10:00 138.970000 -34.380000 10.000000 3.490000 
1894.604567 1894-08-07 12:58:00 138.917000 -34.167000 7.000000 3.300000 
1896.645903 1896-08-22 02:56:00 138.917000 -33.750000 0.000000 3.960000 
1898.081183 1898-01-28 08:20:00 139.033000 -34.417000 8.000000 3.490000 
1902.349223 1902-05-07 05:10:00 138.500000 -32.750000 0.000000 4.300000 
1902.367209 1902-05-13 18:50:00 138.880000 -34.150000 0.000000 3.430000 
1902.430609 1902-06-05 22:35:00 138.350000 -33.166000 0.000000 3.180000 
1902.717909 1902-09-18 21:00:00 138.500000 -33.500000 10.000000 4.020000 
1902.719458 1902-09-19 10:35:00 138.000000 -35.000000 10.000000 5.200000 
1903.265949 1903-04-07 01:01:00 138.450000 -33.100000 10.000000 3.690000 
1903.621438 1903-08-14 21:10:00 138.500000 -33.917000 0.000000 3.820000 
1904.726707 1904-09-21 13:45:00 138.500000 -31.800000 0.000000 3.750000 
1905.641720 1905-08-21 18:35:00 138.800000 -34.200000 14.000000 4.160000 
1908.275342 1908-04-09 16:25:00 138.617000 -33.917000 0.000000 4.210000 
1911.138882 1911-02-19 13:40:30 139.083000 -32.883000 6.000000 4.290000 
1911.820202 1911-10-26 10:00:00 136.417000 -33.667000 0.000000 4.450000 
1912.627210 1912-08-16 04:05:00 138.433000 -33.067000 10.000000 3.300000 
1913.935247 1913-12-06 22:05:00 138.867000 -33.150000 7.000000 3.900000 
1914.407909 1914-05-28 13:21:00 138.700000 -34.900000 0.000000 3.540000 
1914.598872 1914-08-06 07:18:00 138.467000 -33.133000 7.000000 4.070000 
1915.246800 1915-03-30 22:55:00 138.200000 -33.700000 7.000000 4.300000 
1916.814662 1916-10-23 14:30:00 137.250000 -35.583000 6.000000 4.220000 
1921.313560 1921-04-23 19:00:00 138.833000 -33.267000 0.000000 4.520000 
1932.387525 1932-05-20 11:18:00 139.083000 -33.600000 10.000000 3.680000 
1932.461928 1932-06-16 15:30:00 139.050000 -34.083000 10.000000 3.100000 
1934.594331 1934-08-04 11:45:00 137.633000 -33.933000 7.000000 3.060000 
1935.387488 1935-05-21 04:25:00 138.883000 -34.667000 7.000000 2.680000 
1936.379610 1936-05-17 13:10:00 138.767000 -35.017000 7.000000 3.520000 
1939.234196 1939-03-26 03:56:05 138.300000 -31.100000 0.000000 5.790000 
1939.334493 1939-05-01 19:07:29 138.000000 -31.400000 0.000000 4.670000 
1939.429547 1939-06-05 12:20:43 138.500000 -31.500000 0.000000 4.670000 
1941.472957 1941-06-20 20:30:00 138.717000 -35.100000 7.000000 3.150000 
1942.127585 1942-02-14 22:50:43 136.000000 -29.500000 0.000000 3.740000 
1953.731718 1953-09-23 06:30:00 137.000000 -34.000000 7.000000 4.550000 
1954.165638 1954-02-28 18:09:52 138.564000 -35.033000 4.000000 4.790000 
1959.169875 1959-03-02 12:22:00 138.730000 -34.980000 4.000000 2.600000 
1959.388806 1959-05-21 11:28:46 139.000000 -31.400000 10.000000 3.960000 
1959.691894 1959-09-09 04:17:30 138.200000 -32.700000 10.000000 4.130000 
1959.839400 1959-11-02 01:17:57 135.980000 -33.360000 10.000000 4.570000 
1960.634966 1960-08-18 15:04:48 136.150000 -33.800000 0.000000 3.980000 
1960.668540 1960-08-30 21:23:10 136.000000 -34.000000 0.000000 3.990000 
1960.669095 1960-08-31 02:14:50 135.870000 -34.211000 0.000000 4.070000 
1960.871336 1960-11-12 23:03:08 135.500000 -34.600000 10.000000 4.040000 
1961.445488 1961-06-10 15:58:00 135.000000 -34.500000 0.000000 3.800000 
1962.174469 1962-03-03 22:04:22 136.000000 -33.000000 0.000000 3.780000 
1962.377031 1962-05-16 21:41:35 137.660000 -35.510000 0.000000 4.100000 
1962.517441 1962-07-07 04:30:04 138.600000 -31.300000 0.000000 3.210000 
1962.548618 1962-07-18 13:48:02 138.150000 -33.700000 0.000000 3.130000 
1962.685629 1962-09-06 14:48:21 139.000000 -34.500000 0.000000 3.370000 
1962.739363 1962-09-26 05:50:00 138.330000 -35.000000 7.000000 3.270000 
1963.244976 1963-03-29 21:56:20 138.500000 -31.100000 0.000000 3.710000 
1963.270886 1963-04-08 09:03:50 138.100000 -32.400000 0.000000 2.710000 
1963.464550 1963-06-18 02:40:56 138.600000 -32.600000 0.000000 3.070000 
1963.673435 1963-09-02 09:44:03 137.900000 -32.350000 0.000000 2.940000 
1963.924782 1963-12-03 04:59:44 138.420000 -31.880000 21.000000 3.310000 
1964.057113 1964-01-20 12:58:47 138.730000 -31.333000 21.300000 2.990000 
1964.181667 1964-03-06 00:48:00 138.856000 -34.152000 16.000000 2.910000 
1964.397022 1964-05-23 16:33:24 136.705000 -36.759000 0.000000 3.120000 
1964.532103 1964-07-12 00:39:02 134.659000 -34.102000 8.600000 3.400000 
1964.811274 1964-10-21 23:48:39 137.254000 -36.503000 15.000000 2.830000 
1965.020501 1965-01-06 09:51:33 138.501000 -33.350000 13.600000 2.940000 
1965.049814 1965-01-17 02:48:32 135.655000 -27.968000 0.000000 3.740000 
1965.155429 1965-02-24 16:36:48 138.954000 -33.951000 23.200000 3.010000 
1965.168781 1965-03-01 13:39:02 138.105000 -30.347000 0.000000 3.330000 
1965.171708 1965-03-02 15:18:54 138.380000 -30.570000 33.000000 4.480000 
1965.183872 1965-03-07 01:56:29 138.669000 -30.861000 9.900000 3.010000 
1965.204276 1965-03-14 12:47:41 138.540000 -31.950000 26.000000 4.410000 
1965.432483 1965-06-05 21:13:01 138.584000 -33.219000 17.300000 3.120000 
1965.660098 1965-08-28 00:26:38 138.297000 -32.225000 16.100000 3.930000 
1965.898046 1965-11-22 22:15:09 134.332000 -33.827000 8.200000 3.230000 
1965.949778 1965-12-11 19:43:53 138.098000 -32.912000 3.100000 3.220000 
1966.541632 1966-07-15 23:48:40 137.808000 -35.552000 11.800000 3.110000 
1966.796331 1966-10-17 00:27:04 135.995000 -34.415000 23.800000 3.640000 
1966.888720 1966-11-19 18:19:15 138.178000 -32.711000 21.700000 2.900000 
1966.899955 1966-11-23 20:48:04 139.303000 -34.347000 13.400000 4.200000 
1966.936235 1966-12-07 02:49:41 138.913000 -33.339000 18.600000 3.530000 
1967.087994 1967-01-31 13:07:13 137.849000 -33.520000 2.500000 3.370000 
1967.169573 1967-03-02 08:13:18 138.110000 -32.702000 18.200000 2.990000 
1967.261046 1967-04-04 18:03:21 139.094000 -35.049000 8.600000 3.080000 
1967.289170 1967-04-15 00:35:15 138.857000 -33.737000 15.000000 3.460000 
1967.343814 1967-05-04 23:34:57 137.987000 -32.557000 13.600000 3.820000 
1967.452684 1967-06-13 17:55:20 139.100000 -33.680000 10.200000 3.050000 
1967.628340 1967-08-16 21:41:16 138.188000 -32.794000 0.000000 3.080000 
1967.756806 1967-10-02 19:47:35 137.982000 -32.519000 19.100000 3.290000 
1967.882039 1967-11-17 13:33:46 136.699000 -33.349000 20.000000 2.810000 
1967.989666 1967-12-26 21:00:12 135.647000 -34.523000 0.000000 3.140000 
1968.164210 1968-02-28 15:01:22 139.657000 -32.063000 12.300000 3.000000 
1968.222718 1968-03-20 23:53:47 138.329000 -32.589000 5.200000 3.500000 
1968.279590 1968-04-10 18:25:34 138.813000 -32.531000 0.000000 3.140000 
1968.321258 1968-04-25 23:40:54 138.814000 -33.422000 3.300000 2.930000 
1968.330095 1968-04-29 05:08:16 138.998000 -32.817000 21.300000 3.000000 
1968.347034 1968-05-05 09:37:46 139.480000 -31.699000 12.500000 3.000000 
1968.588444 1968-08-01 13:46:43 139.071000 -31.244000 1.800000 3.620000 
1968.607468 1968-08-08 12:32:33 138.234000 -33.197000 3.100000 2.930000 
1968.651373 1968-08-24 13:24:12 137.951000 -31.856000 6.400000 3.280000 
1968.937550 1968-12-07 01:58:56 138.912000 -31.159000 0.000000 3.410000 
1968.952445 1968-12-12 12:32:35 137.874000 -31.639000 0.000000 3.070000 
1969.002201 1968-12-30 16:41:38 139.605000 -31.950000 0.700000 2.930000 
1969.027493 1969-01-08 22:23:51 138.925000 -33.805000 0.700000 3.210000 
1969.057126 1969-01-19 18:09:19 138.492000 -33.051000 7.500000 3.070000 
1969.084151 1969-01-29 15:03:24 139.115000 -31.797000 20.300000 4.170000 
1969.089024 1969-01-31 09:46:15 138.040000 -32.551000 2.100000 3.500000 
1969.176016 1969-03-04 04:19:27 138.962000 -30.728000 2.000000 3.370000 
1969.201065 1969-03-13 07:54:20 138.466000 -32.102000 0.000000 3.210000 
1969.296675 1969-04-17 06:00:14 135.649000 -34.040000 0.000000 2.860000 
1969.379496 1969-05-17 11:59:33 138.088000 -32.332000 0.000000 3.070000 
1969.421202 1969-06-01 17:34:49 137.439000 -29.618000 0.000000 3.210000 
1969.509281 1969-07-03 21:40:06 138.556000 -30.900000 0.000000 3.070000 
1969.557414 1969-07-21 11:35:19 139.183000 -34.986000 0.000000 2.860000 
1969.579607 1969-07-29 14:07:43 136.031000 -34.364000 11.600000 3.070000 
1969.612010 1969-08-10 10:10:02 138.489000 -32.517000 0.000000 2.860000 
1969.681697 1969-09-04 21:02:04 138.199000 -32.721000 8.800000 2.930000 
1969.685956 1969-09-06 10:22:10 135.894000 -34.033000 0.000000 2.860000 
1969.688322 1969-09-07 07:06:20 138.583000 -33.192000 9.700000 3.210000 
1969.742025 1969-09-26 21:51:19 138.190000 -32.792000 32.000000 2.930000 
1969.776123 1969-10-09 08:45:18 139.608000 -31.757000 10.000000 3.730000 
1969.802708 1969-10-19 01:47:24 136.580000 -33.644000 0.000000 3.140000 
1969.856527 1969-11-07 17:33:43 139.198000 -34.496000 0.000000 2.860000 
1969.912433 1969-11-28 03:37:14 139.353000 -31.720000 0.000000 2.860000 
1969.918528 1969-11-30 09:02:41 139.347000 -32.765000 2.300000 2.860000 
1970.235606 1970-03-26 04:29:43 138.298000 -33.415000 8.900000 2.930000 
1970.308187 1970-04-21 16:43:45 139.088000 -33.788000 7.200000 2.860000 
1970.326784 1970-04-28 11:44:35 138.601000 -31.090000 7.700000 3.140000 
1970.432757 1970-06-06 04:40:44 138.510000 -32.116000 2.200000 3.070000 
1970.525719 1970-07-10 03:34:20 139.345000 -31.760000 1.300000 2.930000 
1970.528430 1970-07-11 03:20:16 138.798000 -33.678000 4.000000 2.860000 
1970.557657 1970-07-21 19:31:53 138.618000 -30.896000 5.900000 2.860000 
1970.572453 1970-07-27 05:13:49 139.508000 -31.726000 10.400000 3.570000 
1970.584900 1970-07-31 18:20:37 138.930000 -30.970000 6.700000 3.210000 
1970.713506 1970-09-16 17:40:24 138.577000 -33.209000 0.000000 3.570000 
1970.765136 1970-10-05 14:15:17 138.129000 -33.287000 3.200000 3.070000 
1970.777030 1970-10-09 22:31:10 138.368000 -32.689000 0.000000 2.930000 
1970.786876 1970-10-13 12:49:38 138.576000 -30.709000 4.500000 2.860000 
1970.863305 1970-11-10 10:47:02 139.197000 -33.410000 7.100000 2.860000 
1970.867774 1970-11-12 01:57:41 138.686000 -31.683000 0.000000 2.930000 
1970.887994 1970-11-19 11:12:29 138.606000 -31.146000 0.000000 2.860000 
1970.942569 1970-12-09 09:36:02 138.736000 -33.730000 0.000000 2.930000 
1971.014659 1971-01-04 17:31:42 139.138000 -34.231000 8.300000 2.930000 
1971.020863 1971-01-06 23:54:30 138.560000 -33.459000 11.900000 4.460000 
1971.071656 1971-01-25 13:09:20 137.021000 -28.499000 1.100000 3.000000 
1971.185274 1971-03-08 01:06:34 138.148000 -33.468000 4.000000 2.860000 
1971.192023 1971-03-10 12:15:57 138.075000 -32.135000 5.000000 2.860000 
1971.390480 1971-05-21 23:54:11 138.077000 -33.300000 5.600000 3.210000 
1971.468262 1971-06-19 09:43:19 135.809000 -28.213000 1.900000 3.000000 
1971.506510 1971-07-03 08:59:47 138.382000 -35.353000 9.800000 3.070000 
1971.508032 1971-07-03 22:20:18 135.929000 -28.417000 4.500000 3.000000 
1971.523698 1971-07-09 15:39:50 136.586000 -33.512000 12.000000 3.360000 
1971.531486 1971-07-12 11:56:11 136.151000 -28.786000 5.800000 3.280000 
1971.569350 1971-07-26 07:50:33 138.756000 -31.375000 18.600000 4.580000 
1971.570825 1971-07-26 20:46:19 136.033000 -34.643000 10.800000 2.860000 
1971.697111 1971-09-10 23:46:18 136.727000 -33.545000 6.300000 3.000000 
1971.763649 1971-10-05 07:01:48 139.831000 -31.735000 1.500000 3.830000 
1971.772853 1971-10-08 15:42:37 138.977000 -32.501000 6.400000 3.550000 
1971.799963 1971-10-18 13:21:18 138.365000 -31.310000 10.700000 3.850000 
1971.818129 1971-10-25 04:35:52 138.696000 -31.756000 0.900000 3.000000 
1971.849569 1971-11-05 16:11:38 139.778000 -30.314000 7.200000 3.710000 
1971.888407 1971-11-19 20:38:06 137.966000 -32.514000 7.000000 3.000000 
1971.995772 1971-12-29 01:46:36 138.816000 -31.607000 4.700000 2.930000 
1972.142323 1972-02-20 14:25:02 136.009000 -34.200000 5.100000 2.860000 
1972.248686 1972-03-30 10:46:38 138.888000 -31.413000 6.000000 3.280000 
1972.257642 1972-04-02 17:16:51 138.597000 -31.107000 8.600000 2.930000 
1972.270379 1972-04-07 08:56:02 138.813000 -32.010000 3.500000 2.860000 
1972.302026 1972-04-18 22:20:39 138.619000 -31.578000 11.900000 5.050000 
1972.325469 1972-04-27 11:50:28 138.891000 -31.263000 12.500000 3.680000 
1972.350151 1972-05-06 12:11:45 139.549000 -31.824000 8.100000 3.070000 
1972.417124 1972-05-30 23:16:34 135.660000 -35.259000 11.900000 3.360000 
1972.436694 1972-06-07 02:49:06 139.488000 -31.821000 5.600000 3.070000 
1972.623588 1972-08-14 09:05:35 136.393000 -33.581000 8.000000 3.210000 
1972.686760 1972-09-06 10:51:13 136.499000 -33.720000 8.900000 3.070000 
1972.783930 1972-10-11 22:37:33 138.185000 -33.198000 6.100000 3.140000 
1972.799222 1972-10-17 12:40:06 138.513000 -34.998000 5.700000 3.520000 
1972.856475 1972-11-07 10:32:31 138.736000 -32.409000 6.800000 3.280000 
1972.862163 1972-11-09 12:23:57 138.276000 -32.334000 27.000000 3.070000 
1972.865085 1972-11-10 14:00:40 139.054000 -32.283000 7.700000 3.140000 
1972.988266 1972-12-25 13:47:55 138.255000 -32.399000 23.300000 3.000000 
1973.042866 1973-01-14 12:24:20 139.092000 -32.292000 7.500000 2.860000 
1973.081158 1973-01-28 12:03:58 135.787000 -32.160000 21.000000 3.550000 
1973.083663 1973-01-29 10:01:46 138.794000 -30.874000 12.300000 3.000000 
1973.090778 1973-02-01 00:23:37 135.761000 -34.004000 5.300000 2.860000 
1973.108580 1973-02-07 12:26:38 138.638000 -33.459000 9.800000 3.210000 
1973.145332 1973-02-20 22:36:19 138.961000 -32.938000 7.200000 2.860000 
1973.145584 1973-02-21 00:48:50 135.954000 -34.166000 0.000000 3.000000 
1973.152033 1973-02-23 09:20:59 135.576000 -34.092000 6.200000 3.140000 
1973.180547 1973-03-05 19:17:50 137.975000 -32.281000 8.100000 3.360000 
1973.270852 1973-04-07 18:53:20 137.581000 -35.620000 5.700000 2.930000 
1973.286744 1973-04-13 14:11:40 138.425000 -31.644000 13.600000 2.860000 
1973.287804 1973-04-13 23:29:23 138.383000 -31.386000 11.100000 2.860000 
1973.481252 1973-06-23 15:13:24 138.718000 -33.177000 14.000000 2.930000 
1973.500047 1973-06-30 11:58:22 138.022000 -29.811000 1.700000 3.140000 
1973.581952 1973-07-30 09:56:18 138.433000 -30.471000 28.300000 2.860000 
1973.595381 1973-08-04 07:39:25 138.207000 -35.306000 8.400000 3.460000 
1973.608594 1973-08-09 03:28:28 138.469000 -33.448000 0.000000 2.860000 
1973.704362 1973-09-13 02:57:29 139.447000 -32.907000 3.000000 3.280000 
1973.706248 1973-09-13 19:29:16 138.343000 -30.404000 3.900000 2.860000 
1973.711765 1973-09-15 19:51:06 137.720000 -29.559000 3.500000 2.930000 
1973.762224 1973-10-04 06:10:09 136.088000 -28.439000 14.400000 3.000000 
1973.795779 1973-10-16 12:18:04 138.388000 -33.335000 9.300000 2.860000 
1973.800052 1973-10-18 01:45:30 139.492000 -33.917000 13.900000 2.930000 
1973.895470 1973-11-21 22:10:33 138.464000 -31.009000 22.100000 3.000000 
1973.962398 1973-12-16 08:51:26 139.239000 -32.110000 6.500000 2.930000 
1974.041321 1974-01-14 04:40:47 138.256000 -32.833000 20.000000 2.930000 
1974.056747 1974-01-19 19:54:05 138.796000 -32.177000 3.600000 3.590000 
1974.161478 1974-02-27 01:57:18 136.501000 -28.803000 10.000000 4.080000 
1974.231299 1974-03-24 13:59:39 138.850000 -34.459000 12.800000 3.070000 
1974.238836 1974-03-27 08:03:28 137.083000 -32.721000 0.000000 3.210000 
1974.252838 1974-04-01 10:47:40 136.480000 -28.886000 8.900000 2.930000 
1974.331296 1974-04-30 02:32:49 137.904000 -32.279000 6.900000 3.360000 
1974.630218 1974-08-17 06:50:09 138.646000 -33.165000 11.500000 2.860000 
1974.860560 1974-11-09 09:58:33 138.070000 -32.437000 9.300000 3.840000 
1974.884542 1974-11-18 04:11:58 136.720000 -33.741000 12.000000 3.690000 
1974.954666 1974-12-13 18:53:36 137.060000 -35.030000 17.700000 3.910000 
1974.985550 1974-12-25 01:36:55 138.359000 -32.477000 15.900000 2.860000 
1975.010270 1975-01-03 02:18:14 138.716000 -31.243000 6.400000 3.770000 
1975.199324 1975-03-13 03:30:56 137.574000 -33.067000 10.300000 3.070000 
1975.206264 1975-03-15 16:20:52 139.692000 -33.055000 0.000000 3.450000 
1975.209749 1975-03-16 22:53:51 138.944000 -32.133000 8.000000 2.860000 
1975.265891 1975-04-06 11:01:52 137.989000 -35.693000 20.900000 3.870000 
1975.326727 1975-04-28 16:18:29 138.577000 -30.972000 12.000000 3.070000 
1975.330128 1975-04-29 22:07:26 138.943000 -32.164000 0.000000 3.670000 
1975.361569 1975-05-11 09:43:42 139.031000 -33.110000 5.300000 3.140000 
1975.394925 1975-05-23 14:07:02 137.698000 -29.533000 13.800000 3.530000 
1975.415710 1975-05-31 04:19:10 139.026000 -31.233000 13.500000 3.000000 
1975.478242 1975-06-23 00:27:41 138.987000 -32.790000 14.800000 3.360000 
1975.504485 1975-07-02 14:29:50 137.701000 -32.373000 4.900000 3.000000 
1975.537744 1975-07-14 18:02:22 138.579000 -35.250000 23.600000 3.750000 
1975.615015 1975-08-11 23:23:12 139.524000 -33.694000 7.000000 2.860000 
1975.663549 1975-08-29 16:49:19 138.503000 -31.663000 16.200000 3.070000 
1975.698665 1975-09-11 12:38:58 138.362000 -33.292000 9.800000 3.210000 
1975.735386 1975-09-24 22:32:01 138.878000 -31.126000 10.500000 3.070000 
1975.749792 1975-09-30 04:48:50 138.462000 -30.696000 4.500000 3.070000 
1975.754891 1975-10-02 01:31:01 136.292000 -33.514000 13.500000 3.210000 
1975.822732 1975-10-26 20:11:35 138.714000 -31.900000 12.900000 3.210000 
1976.030450 1976-01-10 17:00:38 138.857000 -31.529000 15.000000 3.140000 
1976.081652 1976-01-29 09:50:19 138.680000 -30.700000 10.000000 3.000000 
1976.124018 1976-02-13 21:12:56 137.366000 -30.908000 9.800000 3.070000 
1976.161269 1976-02-27 11:44:50 138.454000 -33.296000 7.900000 3.210000 
1976.163451 1976-02-28 06:52:11 137.102000 -29.554000 0.000000 3.000000 
1976.250444 1976-03-31 01:26:11 138.678000 -31.293000 7.600000 3.070000 
1976.253072 1976-04-01 00:28:32 137.409000 -36.286000 2.800000 3.780000 
1976.289479 1976-04-14 07:36:38 138.596000 -31.576000 16.000000 3.430000 
1976.316147 1976-04-24 01:22:57 135.641000 -33.956000 12.200000 3.070000 
1976.332910 1976-04-30 04:19:20 137.803000 -32.062000 7.000000 3.070000 
1976.337667 1976-05-01 22:01:01 137.654000 -29.432000 11.200000 2.860000 
1976.416521 1976-05-30 17:14:15 138.732000 -31.402000 13.600000 3.000000 
1976.705320 1976-09-13 04:47:32 138.289000 -32.818000 11.400000 3.140000 
1976.825916 1976-10-27 05:55:13 138.478000 -33.193000 8.600000 3.000000 
1976.830071 1976-10-28 18:20:35 136.387000 -33.491000 7.400000 2.930000 
1976.847315 1976-11-04 01:30:03 138.803000 -32.383000 10.600000 3.500000 
1976.918648 1976-11-30 02:47:07 138.242000 -31.259000 15.700000 3.140000 
1976.955853 1976-12-13 16:55:13 138.103000 -32.211000 10.300000 2.930000 
1976.975448 1976-12-20 20:41:10 138.497000 -31.084000 14.300000 3.000000 
1976.976371 1976-12-21 04:46:39 138.281000 -32.844000 11.800000 2.860000 
1977.148425 1977-02-22 00:58:24 138.861000 -32.222000 18.300000 2.860000 
1977.160064 1977-02-26 07:00:03 137.493000 -35.592000 9.300000 3.140000 
1977.177788 1977-03-04 18:21:40 138.206000 -32.846000 13.000000 3.000000 
1977.195140 1977-03-11 02:28:01 134.749000 -29.236000 4.600000 3.140000 
1977.219957 1977-03-20 04:00:36 138.239000 -32.779000 0.800000 3.070000 
1977.295514 1977-04-16 18:19:20 138.010000 -32.433000 0.000000 3.860000 
1977.320388 1977-04-25 20:21:56 137.568000 -34.949000 10.900000 3.000000 
1977.377659 1977-05-16 18:23:50 138.759000 -32.124000 9.300000 2.860000 
1977.443357 1977-06-09 18:17:13 139.256000 -32.322000 4.000000 2.930000 
1977.562432 1977-07-23 06:04:43 138.016000 -32.454000 10.600000 3.070000 
1977.640901 1977-08-20 21:55:20 138.886000 -34.909000 21.800000 3.280000 
1977.667402 1977-08-30 14:13:47 138.474000 -31.057000 12.700000 3.820000 
1977.685102 1977-09-06 01:22:45 138.566000 -28.948000 25.900000 3.280000 
1977.708746 1977-09-14 16:38:27 135.518000 -27.149000 25.700000 3.280000 
1977.716611 1977-09-17 13:34:49 138.867000 -34.462000 2.300000 3.000000 
1977.731566 1977-09-23 00:40:37 135.802000 -34.197000 4.500000 3.280000 
1977.747382 1977-09-28 19:18:55 139.309000 -32.273000 9.700000 3.670000 
1977.789890 1977-10-14 07:55:53 138.349000 -33.346000 15.800000 3.420000 
1977.847921 1977-11-04 12:37:13 138.632000 -33.145000 4.900000 3.070000 
1977.886696 1977-11-18 16:30:54 138.391000 -33.090000 13.400000 2.930000 
1978.038216 1978-01-13 00:42:37 138.960000 -30.473000 0.000000 3.140000 
1978.049286 1978-01-17 01:45:10 138.960000 -32.025000 0.000000 3.070000 
1978.117788 1978-02-11 02:13:48 138.216000 -33.257000 10.500000 2.860000 
1978.181217 1978-03-06 06:13:44 138.188000 -32.864000 9.400000 2.860000 
1978.190346 1978-03-09 14:15:11 139.099000 -34.389000 19.000000 3.360000 
1978.237844 1978-03-26 22:36:55 138.923000 -32.389000 16.380000 4.080000 
1978.254627 1978-04-02 01:44:06 138.391000 -31.553000 13.900000 3.000000 
1978.321198 1978-04-26 09:16:56 138.254000 -30.694000 7.700000 3.000000 
1978.353265 1978-05-08 02:22:13 138.619000 -30.774000 31.300000 3.760000 
1978.357886 1978-05-09 18:52:57 138.432000 -31.951000 13.590000 2.860000 
1978.414798 1978-05-30 13:45:48 138.248000 -33.273000 3.950000 2.860000 
1978.472969 1978-06-20 19:40:47 138.613000 -31.683000 24.300000 2.860000 
1978.545363 1978-07-17 06:15:58 136.778000 -33.377000 26.410000 2.930000 
1978.592580 1978-08-03 12:09:44 138.906000 -31.127000 13.340000 3.140000 
1978.653161 1978-08-25 15:12:14 136.659000 -35.943000 0.750000 3.140000 
1978.668021 1978-08-31 01:28:04 136.375000 -30.939000 17.660000 3.140000 
1978.709055 1978-09-15 01:09:52 139.019000 -31.455000 14.100000 3.000000 
1978.791890 1978-10-15 07:16:39 138.289000 -32.931000 17.760000 2.860000 
1978.884741 1978-11-18 05:11:38 136.361000 -27.992000 19.090000 3.430000 
1978.961968 1978-12-16 10:08:51 136.380000 -28.839000 19.120000 3.350000 
1979.022819 1979-01-07 15:33:34 138.221000 -32.744000 9.520000 3.140000 
1979.030972 1979-01-10 15:01:20 138.512000 -33.093000 10.770000 2.930000 
1979.083554 1979-01-29 19:57:02 135.573000 -34.424000 7.300000 2.860000 
1979.188063 1979-03-09 00:03:13 138.430000 -31.042000 8.460000 3.360000 
1979.206774 1979-03-15 20:04:13 138.645000 -32.414000 6.300000 3.510000 
1979.264886 1979-04-06 01:28:33 138.294000 -32.334000 8.000000 2.860000 
1979.428527 1979-06-04 19:55:17 135.702000 -28.081000 28.200000 3.430000 
1979.445241 1979-06-10 22:25:45 138.774000 -34.294000 19.470000 3.000000 
1979.452919 1979-06-13 17:44:04 138.706000 -33.375000 5.900000 3.070000 
1979.477403 1979-06-22 16:21:38 137.143000 -29.231000 1.470000 2.930000 
1979.509454 1979-07-04 09:18:45 139.185000 -34.388000 4.230000 3.500000 
1979.538188 1979-07-14 21:11:19 139.426000 -33.057000 5.510000 2.860000 
1979.549850 1979-07-19 03:24:59 139.249000 -31.512000 5.860000 3.000000 
1979.590566 1979-08-03 00:19:29 138.631000 -33.163000 6.190000 3.530000 
1979.626259 1979-08-16 01:12:01 136.103000 -29.661000 13.500000 3.000000 
1979.670124 1979-09-01 01:42:48 138.158000 -35.678000 16.410000 2.860000 
1979.686124 1979-09-06 21:57:51 136.525000 -33.764000 10.170000 3.280000 
1979.698531 1979-09-11 10:43:20 139.161000 -31.400000 20.070000 3.280000 
1979.728067 1979-09-22 05:37:44 138.673000 -31.412000 16.900000 2.860000 
1979.755063 1979-10-02 02:16:18 139.221000 -33.910000 6.300000 3.000000 
1979.772198 1979-10-08 08:28:27 139.208000 -33.212000 0.600000 2.860000 
1979.810843 1979-10-22 11:13:40 136.955000 -33.312000 34.300000 3.580000 
1979.814458 1979-10-23 18:54:50 138.919000 -32.381000 0.000000 3.000000 
1979.869620 1979-11-12 22:27:34 138.772000 -31.633000 16.800000 3.210000 
1979.879120 1979-11-16 09:43:52 139.370000 -31.782000 3.480000 3.000000 
1980.019703 1980-01-06 18:03:21 139.211000 -33.209000 1.300000 3.000000 
1980.052836 1980-01-18 20:29:34 138.538000 -33.437000 16.660000 2.930000 
1980.109944 1980-02-08 17:05:44 138.149000 -33.000000 4.880000 2.860000 
1980.112392 1980-02-09 14:33:06 138.828000 -28.822000 17.710000 3.360000 
1980.129882 1980-02-15 23:51:42 138.259000 -31.488000 11.990000 3.510000 
1980.168054 1980-02-29 22:28:16 138.323000 -33.221000 13.760000 3.070000 
1980.180077 1980-03-05 07:51:49 138.974000 -34.018000 13.400000 2.860000 
1980.209373 1980-03-16 00:40:16 138.643000 -31.807000 1.880000 3.070000 
1980.226307 1980-03-22 05:06:31 138.717000 -31.615000 20.400000 2.860000 
1980.228715 1980-03-23 02:13:08 137.427000 -29.182000 16.490000 3.000000 
1980.288032 1980-04-13 18:10:57 139.308000 -29.208000 21.480000 2.860000 
1980.291506 1980-04-15 00:38:04 137.030000 -33.263000 30.980000 4.100000 
1980.310761 1980-04-22 01:24:45 138.722000 -32.027000 12.060000 3.740000 
1980.365380 1980-05-12 00:11:49 137.545000 -29.208000 10.230000 2.930000 
1980.368304 1980-05-13 01:49:42 139.137000 -30.761000 34.720000 2.930000 
1980.370578 1980-05-13 21:45:32 138.434000 -31.309000 18.220000 3.140000 
1980.435075 1980-06-06 11:08:00 138.650000 -31.796000 6.740000 2.860000 
1980.492477 1980-06-27 10:18:23 138.730000 -35.490000 21.030000 2.860000 
1980.668170 1980-08-30 14:23:39 139.361000 -31.761000 8.000000 4.060000 
1980.757661 1980-10-02 06:51:43 138.267000 -32.317000 19.790000 2.930000 
1980.760258 1980-10-03 05:37:29 135.826000 -28.040000 3.040000 3.000000 
1980.858557 1980-11-08 03:17:36 138.595000 -32.176000 18.430000 3.210000 
1980.870021 1980-11-12 07:47:05 138.705000 -33.171000 0.000000 2.930000 
1980.872890 1980-11-13 08:56:15 138.825000 -33.739000 18.450000 4.090000 
1980.946525 1980-12-10 06:24:16 138.702000 -31.308000 22.900000 3.280000 
1980.975215 1980-12-20 17:53:43 138.129000 -30.073000 1.540000 2.930000 
1980.979151 1980-12-22 04:24:04 139.363000 -31.787000 9.270000 3.070000 
1980.996031 1980-12-28 08:21:43 138.473000 -33.400000 17.130000 2.860000 
1981.045099 1981-01-15 06:29:06 139.459000 -31.777000 5.900000 3.140000 
1981.084573 1981-01-29 16:30:35 138.267000 -32.750000 14.200000 3.140000 
1981.140620 1981-02-19 03:48:07 136.812000 -28.992000 17.350000 2.860000 
1981.273603 1981-04-08 17:30:29 138.761000 -31.724000 20.400000 3.360000 
1981.291576 1981-04-15 07:03:16 139.317000 -30.821000 11.000000 2.930000 
1981.291671 1981-04-15 07:53:16 139.317000 -30.821000 10.820000 2.930000 
1981.327751 1981-04-28 12:09:35 136.543000 -33.764000 0.000000 2.930000 
1981.388644 1981-05-20 17:56:27 136.966000 -33.294000 28.660000 3.500000 
1981.477667 1981-06-22 06:17:41 138.569000 -33.534000 11.100000 3.280000 
1981.493211 1981-06-27 22:33:02 137.767000 -29.747000 4.400000 2.930000 
1981.514305 1981-07-05 15:27:28 136.766000 -35.345000 15.200000 2.930000 
1981.527798 1981-07-10 13:43:58 135.878000 -34.066000 0.750000 3.360000 
1981.540166 1981-07-15 02:09:09 138.639000 -31.366000 23.600000 3.760000 
1981.566204 1981-07-24 14:23:36 135.592000 -27.493000 4.600000 3.140000 
1981.588188 1981-08-01 15:06:12 139.216000 -33.965000 8.400000 3.070000 
1981.588778 1981-08-01 20:16:21 138.749000 -31.630000 14.400000 3.140000 
1981.636601 1981-08-19 07:29:07 138.291000 -33.021000 19.400000 2.860000 
1981.659855 1981-08-27 19:19:08 138.125000 -32.685000 18.100000 3.210000 
1981.659882 1981-08-27 19:33:34 138.281000 -32.760000 14.900000 3.210000 
1981.670837 1981-08-31 19:35:16 138.923000 -34.709000 24.700000 3.070000 
1981.755449 1981-10-01 17:17:07 138.703000 -30.196000 0.000000 2.930000 
1981.758260 1981-10-02 17:55:27 138.878000 -32.476000 6.830000 3.900000 
1981.786101 1981-10-12 21:58:23 136.974000 -28.960000 6.310000 2.860000 
1981.792002 1981-10-15 01:42:04 138.235000 -32.736000 14.130000 3.140000 
1981.948472 1981-12-11 05:17:01 137.963000 -32.200000 20.540000 3.680000 
1981.990519 1981-12-26 13:51:54 139.009000 -32.284000 0.000000 3.280000 
1982.039013 1982-01-13 06:57:07 138.972000 -32.331000 3.060000 2.930000 
1982.052284 1982-01-18 03:16:38 138.772000 -32.143000 13.060000 2.860000 
1982.104372 1982-02-06 03:52:34 138.796000 -34.542000 30.420000 3.000000 
1982.109593 1982-02-08 01:38:44 139.082000 -32.069000 22.300000 3.070000 
1982.222027 1982-03-21 03:13:12 138.653000 -31.715000 20.070000 3.140000 
1982.276026 1982-04-09 20:33:39 138.275000 -30.509000 6.990000 2.930000 
1982.302882 1982-04-19 15:58:49 138.610000 -32.354000 13.250000 3.530000 
1982.430267 1982-06-05 04:36:21 136.697000 -33.396000 23.650000 2.930000 
1982.521750 1982-07-08 14:32:04 138.628000 -32.809000 3.930000 3.360000 
1982.539456 1982-07-15 01:44:21 138.339000 -31.048000 17.740000 3.820000 
1982.598514 1982-08-05 15:26:06 138.644000 -31.435000 16.920000 2.860000 
1982.607993 1982-08-09 02:31:16 138.359000 -33.131000 23.120000 2.930000 
1982.674308 1982-09-02 07:49:39 138.536000 -29.956000 30.540000 3.280000 
1982.759823 1982-10-03 13:25:55 135.828000 -34.076000 2.570000 3.510000 
1982.784869 1982-10-12 16:58:48 135.715000 -34.126000 2.080000 3.360000 
1982.854531 1982-11-07 03:37:33 138.618000 -31.265000 21.020000 3.430000 
1983.109572 1983-02-08 07:16:21 138.356000 -30.702000 24.900000 2.860000 
1983.110527 1983-02-08 15:38:23 137.960000 -32.501000 7.510000 2.930000 
1983.157560 1983-02-25 19:55:22 139.271000 -34.188000 9.080000 3.590000 
1983.195844 1983-03-11 19:30:55 138.433000 -30.624000 11.000000 2.860000 
1983.378221 1983-05-17 10:11:51 136.313000 -27.886000 31.280000 3.430000 
1983.416139 1983-05-31 06:34:52 135.860000 -33.579000 10.930000 3.450000 
1983.475160 1983-06-21 19:56:39 137.116000 -29.121000 20.280000 3.000000 
1983.578892 1983-07-29 17:14:19 138.284000 -33.039000 15.640000 3.280000 
1983.644621 1983-08-22 17:24:31 138.432000 -31.984000 5.040000 2.860000 
1983.666438 1983-08-30 16:38:58 138.652000 -32.230000 5.430000 3.000000 
1983.692425 1983-09-09 04:26:54 135.244000 -33.950000 10.790000 3.070000 
1983.718890 1983-09-18 20:26:24 138.408000 -32.017000 7.170000 2.930000 
1983.727468 1983-09-21 23:38:01 138.000000 -29.827000 1.540000 3.000000 
1983.758530 1983-10-03 07:54:45 139.512000 -34.114000 24.150000 2.930000 
1983.830616 1983-10-29 15:48:38 138.620000 -31.386000 16.130000 3.070000 
1983.855107 1983-11-07 14:29:16 135.773000 -34.031000 0.000000 2.930000 
1983.864695 1983-11-11 02:32:07 138.669000 -31.479000 18.490000 3.740000 
1983.869884 1983-11-13 00:01:24 136.971000 -33.454000 3.660000 3.000000 
1983.965348 1983-12-17 20:50:35 139.354000 -34.603000 22.620000 3.070000 
1983.972740 1983-12-20 13:38:36 135.995000 -33.529000 30.170000 3.280000 
1983.997844 1983-12-29 17:41:58 138.289000 -30.755000 20.000000 4.240000 
1984.037092 1984-01-13 01:44:05 136.240000 -33.493000 0.000000 3.070000 
1984.083555 1984-01-30 01:01:10 139.307000 -31.743000 30.900000 3.070000 
1984.090545 1984-02-01 14:17:56 138.277000 -32.859000 18.470000 2.860000 
1984.156203 1984-02-25 13:50:41 137.561000 -29.797000 10.430000 3.210000 
1984.183034 1984-03-06 09:02:21 138.000000 -30.718000 16.690000 3.140000 
1984.212620 1984-03-17 04:23:04 139.158000 -33.287000 10.000000 3.580000 
1984.229537 1984-03-23 08:40:12 138.419000 -32.009000 7.720000 3.140000 
1984.256509 1984-04-02 05:06:18 138.763000 -32.313000 2.470000 2.860000 
1984.411732 1984-05-28 21:45:52 135.821000 -28.168000 0.000000 2.860000 
1984.426067 1984-06-03 03:25:00 138.490000 -30.450000 0.000000 3.510000 
1984.483292 1984-06-24 01:02:31 137.356000 -34.865000 24.730000 3.360000 
1984.528603 1984-07-10 14:13:36 138.918000 -32.331000 4.400000 3.000000 
1984.571203 1984-07-26 03:39:01 138.546000 -31.929000 19.600000 2.930000 
1984.643542 1984-08-21 13:45:49 138.669000 -30.484000 30.260000 3.210000 
1984.729685 1984-09-22 00:52:26 139.250000 -30.153000 1.100000 2.930000 
1984.747626 1984-09-28 14:08:37 136.627000 -33.575000 7.900000 3.000000 
1984.769283 1984-10-06 11:58:57 137.917000 -29.974000 6.280000 2.930000 
1984.911034 1984-11-27 06:32:44 139.220000 -31.215000 19.300000 3.280000 
1985.001120 1984-12-30 04:13:43 138.218000 -30.994000 14.700000 3.070000 
1985.162382 1985-02-27 01:49:07 134.516000 -33.394000 0.000000 3.000000 
1985.282002 1985-04-11 18:23:04 139.497000 -34.741000 15.690000 3.140000 
1985.296133 1985-04-16 22:15:05 138.112000 -31.370000 8.340000 2.930000 
1985.409043 1985-05-28 04:00:12 139.372000 -31.792000 6.830000 3.660000 
1985.424208 1985-06-02 16:56:04 136.946000 -33.012000 17.000000 2.930000 
1985.450519 1985-06-12 07:34:14 137.778000 -32.680000 0.000000 2.860000 
1985.501751 1985-07-01 00:39:43 138.339000 -31.981000 10.600000 3.440000 
1985.512306 1985-07-04 21:11:08 138.751000 -31.430000 0.500000 3.210000 
1985.608995 1985-08-09 04:44:29 139.334000 -31.795000 7.320000 4.000000 
1985.616560 1985-08-11 23:03:22 137.779000 -32.758000 1.500000 2.930000 
1985.640359 1985-08-20 15:40:37 139.369000 -33.831000 9.500000 3.210000 
1985.692388 1985-09-08 15:45:09 137.284000 -29.514000 10.670000 3.850000 
1985.737064 1985-09-24 23:22:35 138.536000 -32.729000 18.150000 2.860000 
1985.753828 1985-10-01 02:19:30 136.977000 -34.121000 7.330000 3.070000 
1985.804360 1985-10-19 13:16:26 138.627000 -31.372000 3.970000 2.860000 
1985.865605 1985-11-10 22:08:23 138.386000 -32.740000 20.430000 3.740000 
1985.888252 1985-11-19 04:39:23 139.062000 -32.703000 5.960000 3.140000 
1985.894063 1985-11-21 07:35:38 138.648000 -33.169000 4.590000 3.000000 
1985.975579 1985-12-21 02:09:18 138.459000 -32.291000 20.500000 2.860000 
1986.014399 1986-01-04 06:26:15 138.718000 -31.542000 6.000000 3.490000 
1986.027733 1986-01-09 03:19:19 137.732000 -30.012000 25.440000 2.930000 
1986.042661 1986-01-14 14:11:00 138.600000 -31.613000 16.760000 3.360000 
1986.055375 1986-01-19 05:37:40 138.804000 -31.939000 3.110000 2.860000 
1986.086752 1986-01-30 16:40:24 135.535000 -27.596000 3.840000 3.280000 
1986.097752 1986-02-03 17:05:48 138.597000 -31.633000 19.290000 3.070000 
1986.134639 1986-02-17 04:26:33 135.628000 -28.682000 34.420000 2.860000 
1986.354113 1986-05-08 08:18:23 138.229000 -32.724000 15.200000 3.360000 
1986.375838 1986-05-16 06:44:34 136.870000 -33.311000 24.980000 3.000000 
1986.387614 1986-05-20 13:58:33 138.555000 -32.610000 9.360000 3.140000 
1986.408672 1986-05-28 06:34:02 138.885000 -34.090000 27.170000 3.000000 
1986.417846 1986-05-31 14:58:46 139.096000 -35.145000 15.100000 3.000000 
1986.548070 1986-07-18 04:29:46 137.190000 -29.846000 3.640000 2.930000 
1986.562670 1986-07-23 12:28:40 136.380000 -33.572000 9.900000 2.860000 
1986.653574 1986-08-25 17:19:43 138.116000 -32.462000 11.100000 2.930000 
1986.656548 1986-08-26 19:23:48 137.013000 -28.848000 0.000000 3.000000 
1986.656604 1986-08-26 19:53:22 139.413000 -33.840000 9.300000 2.930000 
1986.694704 1986-09-09 17:52:05 138.545000 -30.357000 3.160000 2.930000 
1986.694709 1986-09-09 17:54:22 138.724000 -30.293000 34.390000 3.000000 
1986.742410 1986-09-27 04:03:04 138.618000 -30.127000 28.700000 2.860000 
1986.768050 1986-10-06 12:48:22 136.771000 -33.505000 36.500000 3.280000 
1986.961492 1986-12-16 04:28:45 136.652000 -35.969000 1.000000 4.400000 
1987.006175 1987-01-01 12:09:47 137.562000 -27.777000 0.000000 3.140000 
1987.053290 1987-01-18 17:10:05 138.308000 -33.154000 20.300000 2.860000 
1987.075845 1987-01-26 22:52:30 138.381000 -32.509000 14.480000 2.860000 
1987.116069 1987-02-10 15:28:24 135.905000 -27.657000 20.210000 2.860000 
1987.199735 1987-03-13 04:52:25 137.881000 -29.736000 32.600000 3.000000 
1987.236169 1987-03-26 12:14:35 136.705000 -36.461000 0.000000 3.620000 
1987.342239 1987-05-04 06:02:14 138.226000 -32.981000 11.100000 2.860000 
1987.364482 1987-05-12 09:00:53 135.632000 -27.296000 11.090000 3.210000 
1987.517978 1987-07-07 10:31:51 136.035000 -28.178000 8.000000 3.620000 
1987.553857 1987-07-20 13:02:32 135.682000 -34.090000 0.250000 2.860000 
1987.632376 1987-08-18 05:19:30 138.469000 -33.399000 18.750000 2.860000 
1987.634897 1987-08-19 03:25:25 138.515000 -30.239000 11.000000 3.300000 
1987.640778 1987-08-21 06:58:20 138.692000 -32.343000 12.360000 2.860000 
1987.718663 1987-09-18 17:41:44 137.184000 -35.603000 38.000000 2.860000 
1987.752262 1987-10-01 00:13:21 139.196000 -33.457000 15.800000 3.210000 
1987.779143 1987-10-10 19:51:31 138.347000 -32.309000 15.290000 2.860000 
1987.918782 1987-11-30 19:54:28 138.982000 -31.219000 24.810000 2.930000 
1987.978119 1987-12-22 12:02:19 138.073000 -32.706000 12.460000 3.210000 
1987.986902 1987-12-25 17:01:40 138.749000 -31.767000 21.180000 3.000000 
1988.017984 1988-01-06 01:29:21 138.029000 -32.696000 15.550000 3.140000 
1988.018828 1988-01-06 08:53:23 138.199000 -32.830000 18.950000 2.860000 
1988.020692 1988-01-07 01:13:41 138.757000 -33.701000 21.640000 3.210000 
1988.219442 1988-03-19 15:26:06 138.601000 -31.423000 8.900000 2.860000 
1988.445687 1988-06-10 06:39:17 137.190000 -35.360000 11.400000 2.930000 
1988.481924 1988-06-23 12:18:00 138.521000 -30.792000 9.550000 2.930000 
1988.593649 1988-08-03 07:39:54 138.921000 -29.832000 12.900000 3.070000 
1988.653198 1988-08-25 01:39:36 138.592000 -31.660000 14.180000 3.210000 
1988.672252 1988-09-01 00:40:40 138.296000 -33.273000 5.910000 2.860000 
1988.699950 1988-09-11 03:28:51 138.827000 -31.631000 8.340000 3.070000 
1988.734450 1988-09-23 17:53:38 138.829000 -33.116000 3.180000 2.860000 
1988.818644 1988-10-24 11:55:46 138.686000 -31.474000 15.910000 3.360000 
1988.980096 1988-12-22 11:10:50 136.222000 -28.657000 5.740000 3.210000 
1989.034246 1989-01-11 05:51:24 138.985000 -33.281000 11.780000 3.000000 
1989.174601 1989-03-03 12:10:42 137.972000 -29.540000 23.000000 2.930000 
1989.177116 1989-03-04 10:13:28 136.500000 -33.904000 2.000000 2.860000 
1989.272268 1989-04-08 04:18:40 138.575000 -32.818000 0.000000 2.860000 
1989.274971 1989-04-09 04:00:24 136.430000 -33.940000 0.990000 2.930000 
1989.340743 1989-05-03 04:32:52 138.398000 -32.720000 20.830000 2.930000 
1989.340921 1989-05-03 06:06:19 139.014000 -31.520000 16.760000 3.360000 
1989.376106 1989-05-16 02:31:48 137.976000 -32.286000 6.630000 2.860000 
1989.422349 1989-06-01 23:53:24 139.678000 -33.849000 12.950000 3.070000 
1989.450169 1989-06-12 03:45:11 138.189000 -32.070000 13.000000 2.860000 
1989.470986 1989-06-19 18:14:04 138.196000 -29.861000 15.980000 2.930000 
1989.489361 1989-06-26 11:18:17 138.546000 -31.438000 14.540000 3.740000 
1989.572926 1989-07-26 23:49:15 139.711000 -29.376000 23.300000 3.270000 
1989.621692 1989-08-13 19:17:43 136.449000 -33.851000 12.100000 3.280000 
1989.688867 1989-09-07 08:08:29 135.924000 -33.551000 21.100000 3.140000 
1989.726984 1989-09-21 06:15:48 138.651000 -33.846000 5.400000 2.860000 
1989.750688 1989-09-29 22:03:07 138.757000 -31.915000 13.400000 2.860000 
1989.793301 1989-10-15 11:35:07 138.668000 -32.272000 15.030000 3.210000 
1989.949898 1989-12-11 16:17:16 135.304000 -34.949000 8.760000 2.860000 
1990.056685 1990-01-19 16:21:36 139.361000 -33.802000 7.530000 3.070000 
1990.099634 1990-02-04 08:50:45 135.753000 -27.663000 22.580000 3.070000 
1990.110534 1990-02-08 08:23:33 137.342000 -27.891000 8.980000 4.400000 
1990.178814 1990-03-05 06:55:10 139.047000 -33.047000 6.610000 3.210000 
1990.245347 1990-03-29 14:08:19 136.011000 -34.150000 1.540000 2.930000 
1990.251526 1990-03-31 20:18:05 138.927000 -32.223000 2.000000 2.930000 
1990.264044 1990-04-05 10:02:09 138.511000 -31.108000 15.850000 3.140000 
1990.265456 1990-04-05 22:24:46 136.523000 -28.864000 16.640000 3.000000 
1990.277326 1990-04-10 06:27:39 138.130000 -29.300000 9.280000 2.930000 
1990.348922 1990-05-06 10:03:21 139.346000 -33.895000 8.200000 3.280000 
1990.422363 1990-06-02 05:49:35 138.055000 -34.600000 10.920000 2.930000 
1990.448066 1990-06-11 15:08:04 138.446000 -33.699000 18.380000 3.000000 
1990.454142 1990-06-13 20:23:54 138.318000 -33.160000 14.580000 3.210000 
1990.543803 1990-07-16 14:21:05 137.300000 -35.333000 2.940000 3.140000 
1990.639583 1990-08-20 13:56:06 138.706000 -31.115000 10.910000 3.070000 
1990.641965 1990-08-21 10:49:14 138.691000 -32.016000 6.060000 2.930000 
1990.647083 1990-08-23 07:40:53 138.276000 -31.892000 1.780000 2.930000 
1990.766468 1990-10-05 22:11:01 135.927000 -33.394000 7.200000 3.000000 
1990.805068 1990-10-20 00:33:02 137.984000 -32.399000 7.300000 2.860000 
1990.886311 1990-11-18 16:42:24 138.208000 -30.522000 18.000000 2.930000 
1990.926992 1990-12-03 13:18:39 139.260000 -31.565000 4.450000 4.150000 
1990.953591 1990-12-13 06:28:30 138.987000 -33.017000 5.960000 3.140000 
1991.029984 1991-01-10 04:07:14 138.185000 -32.335000 26.920000 3.280000 
1991.038077 1991-01-13 03:03:34 138.984000 -32.063000 8.010000 2.860000 
1991.121954 1991-02-12 18:18:44 137.687000 -34.511000 8.550000 2.930000 
1991.136648 1991-02-18 03:06:46 138.346000 -31.867000 12.710000 2.860000 
1991.174651 1991-03-04 00:14:39 136.336000 -33.542000 3.840000 3.210000 
1991.234254 1991-03-25 18:42:31 136.948000 -34.122000 0.940000 3.280000 
1991.346022 1991-05-05 14:26:47 139.203000 -31.028000 2.720000 3.280000 
1991.376171 1991-05-16 14:43:38 139.005000 -32.342000 10.000000 2.930000 
1991.392572 1991-05-22 14:30:06 135.735000 -33.460000 6.350000 2.930000 
1991.404179 1991-05-26 20:14:17 135.700000 -28.116000 10.000000 2.930000 
1991.545754 1991-07-17 13:15:40 136.159000 -33.976000 9.000000 3.070000 
1991.629856 1991-08-17 06:28:56 139.085000 -34.365000 12.900000 3.740000 
1991.636756 1991-08-19 18:58:13 135.999000 -34.352000 25.390000 3.140000 
1991.675459 1991-09-02 22:13:59 138.998000 -32.724000 2.800000 3.740000 
1991.773229 1991-10-08 15:15:42 138.867000 -32.210000 12.600000 2.860000 
1991.822303 1991-10-26 13:26:22 138.228000 -33.999000 7.000000 2.860000 
1991.844034 1991-11-03 11:55:54 138.712000 -33.169000 13.020000 3.070000 
1991.914973 1991-11-29 09:45:46 138.359000 -31.527000 8.520000 3.590000 
1991.987795 1991-12-26 00:06:27 138.824000 -31.360000 6.360000 2.930000 
1992.065305 1992-01-23 07:33:00 138.358000 -31.566000 4.250000 2.930000 
1992.085339 1992-01-30 15:10:03 138.326000 -31.405000 6.820000 2.860000 
1992.157088 1992-02-25 20:06:06 138.115000 -33.333000 4.530000 2.860000 
1992.233273 1992-03-24 15:55:17 138.439000 -33.419000 2.000000 2.860000 
1992.233682 1992-03-24 19:30:28 138.344000 -32.520000 4.200000 2.860000 
1992.326624 1992-04-27 18:13:23 138.524000 -28.669000 10.000000 2.860000 
1992.364411 1992-05-11 13:27:08 136.700000 -33.650000 5.000000 2.860000 
1992.407856 1992-05-27 10:17:11 138.487000 -33.076000 2.200000 3.140000 
1992.449945 1992-06-11 19:14:04 138.267000 -33.167000 5.000000 3.280000 
1992.469084 1992-06-18 19:00:08 136.829000 -34.818000 2.200000 2.930000 
1992.577523 1992-07-28 09:33:17 138.783000 -31.221000 13.200000 3.820000 
1992.633476 1992-08-17 20:01:50 138.556000 -33.905000 11.400000 3.360000 
1992.673523 1992-09-01 11:04:26 138.659000 -31.758000 10.150000 2.930000 
1992.781243 1992-10-10 19:19:28 138.431000 -30.839000 14.400000 3.140000 
1992.828914 1992-10-28 05:12:20 136.807000 -33.577000 5.400000 2.930000 
1992.841670 1992-11-01 21:00:58 136.968000 -28.828000 15.030000 3.360000 
1992.953616 1992-12-12 18:18:55 139.184000 -33.736000 16.630000 2.860000 
1992.959922 1992-12-15 01:35:38 138.347000 -31.534000 7.940000 3.360000 
1992.967276 1992-12-17 18:03:41 138.996000 -33.030000 6.500000 3.820000 
1993.051276 1993-01-17 10:23:10 138.564000 -35.553000 11.600000 3.070000 
1993.055463 1993-01-18 23:05:22 138.943000 -33.095000 12.900000 2.860000 
1993.114839 1993-02-09 15:34:19 139.016000 -30.985000 11.460000 3.070000 
1993.187451 1993-03-08 04:04:12 139.149000 -33.672000 12.260000 3.000000 
1993.218615 1993-03-19 13:15:06 138.649000 -31.386000 12.510000 2.930000 
1993.266125 1993-04-05 21:42:51 138.915000 -33.070000 9.350000 2.860000 
1993.306403 1993-04-20 14:46:59 138.909000 -33.035000 8.450000 3.430000 
1993.355291 1993-05-08 11:19:41 138.158000 -31.896000 7.940000 3.140000 
1993.360429 1993-05-10 08:21:58 138.261000 -32.865000 18.080000 3.280000 
1993.390037 1993-05-21 03:54:09 139.001000 -33.761000 11.560000 2.860000 
1993.483478 1993-06-24 06:59:20 139.145000 -31.597000 11.040000 3.140000 
1993.592496 1993-08-03 02:37:20 139.293000 -34.615000 16.650000 2.930000 
1993.619646 1993-08-13 00:36:44 139.025000 -33.073000 2.910000 3.070000 
1993.683725 1993-09-05 10:18:42 139.010000 -31.414000 16.050000 3.000000 
1993.723555 1993-09-19 23:27:40 138.795000 -32.080000 9.400000 2.860000 
1993.736658 1993-09-24 18:19:06 138.357000 -32.437000 1.700000 3.070000 
1993.829593 1993-10-28 16:58:02 138.960000 -33.725000 8.320000 3.140000 
1993.857243 1993-11-07 19:20:16 137.726000 -29.710000 9.900000 2.930000 
1993.939900 1993-12-07 23:53:58 134.239000 -33.816000 4.000000 3.210000 
1994.115334 1994-02-10 01:42:58 136.909000 -36.512000 15.540000 2.780000 
1994.297320 1994-04-17 12:58:17 138.973000 -33.035000 8.310000 3.210000 
1994.468603 1994-06-19 02:24:42 138.363000 -33.168000 11.450000 3.360000 
1994.473884 1994-06-21 00:42:20 138.314000 -30.410000 17.380000 2.860000 
1994.482701 1994-06-24 05:59:32 138.640000 -30.647000 12.560000 3.140000 
1994.522479 1994-07-08 18:40:33 138.913000 -30.556000 13.730000 3.430000 
1994.533637 1994-07-12 20:29:16 137.517000 -35.727000 14.090000 3.140000 
1994.554925 1994-07-20 15:05:45 138.872000 -33.829000 15.240000 3.070000 
1994.613051 1994-08-10 20:37:00 139.150000 -34.161000 17.740000 3.360000 
1994.681627 1994-09-04 21:44:06 137.987000 -30.302000 7.500000 3.210000 
1994.703490 1994-09-12 21:23:07 138.969000 -33.032000 5.000000 2.930000 
1994.747341 1994-09-28 21:46:29 139.478000 -34.201000 9.250000 2.860000 
1994.848670 1994-11-04 22:00:08 135.440000 -28.316000 12.480000 3.210000 
1994.854317 1994-11-06 23:30:09 138.097000 -32.248000 15.410000 2.930000 
1994.919614 1994-11-30 19:53:17 138.157000 -30.402000 5.120000 4.150000 
1995.006380 1995-01-01 12:27:55 136.115000 -28.541000 10.290000 3.280000 
1995.088094 1995-01-31 08:45:12 136.748000 -28.970000 11.750000 3.140000 
1995.096003 1995-02-03 06:04:48 136.538000 -33.625000 3.950000 3.140000 
1995.112214 1995-02-09 04:10:59 139.499000 -34.515000 15.350000 3.360000 
1995.181635 1995-03-06 12:42:44 135.544000 -33.931000 6.750000 3.210000 
1995.197937 1995-03-12 11:36:54 138.354000 -32.623000 10.410000 3.140000 
1995.280554 1995-04-11 15:49:07 138.905000 -31.251000 5.410000 3.210000 
1995.320693 1995-04-26 07:40:28 138.475000 -33.433000 6.070000 2.930000 
1995.379342 1995-05-17 17:46:24 138.705000 -32.116000 15.400000 2.860000 
1995.388252 1995-05-20 23:52:43 138.631000 -31.591000 9.500000 2.930000 
1995.400798 1995-05-25 13:51:36 136.291000 -33.642000 12.900000 3.070000 
1995.501784 1995-07-01 11:04:47 135.937000 -28.014000 10.000000 3.280000 
1995.505479 1995-07-02 19:28:21 135.383000 -28.016000 0.000000 3.660000 
1995.508651 1995-07-03 23:16:27 135.072000 -27.601000 10.000000 3.280000 
1995.538373 1995-07-14 19:48:55 137.020000 -36.319000 5.450000 2.930000 
1995.628558 1995-08-16 18:21:20 138.328000 -32.797000 9.400000 2.930000 
1995.777533 1995-10-10 04:14:39 138.510000 -32.601000 5.000000 2.930000 
1995.824789 1995-10-27 10:28:57 137.017000 -35.239000 15.500000 4.150000 
1995.849099 1995-11-05 07:34:38 137.000000 -29.880000 9.270000 3.000000 
1995.870595 1995-11-13 04:00:17 138.466000 -32.584000 7.850000 3.980000 
1995.885359 1995-11-18 13:25:24 138.757000 -31.196000 19.070000 3.140000 
1995.942144 1995-12-09 07:11:41 136.723000 -29.079000 12.570000 2.860000 
1995.984354 1995-12-24 17:12:01 138.444000 -35.205000 19.370000 2.930000 
1996.099841 1996-02-04 21:32:12 136.759000 -28.953000 10.000000 3.000000 
1996.209066 1996-03-15 18:59:02 138.666000 -31.350000 17.000000 2.860000 
1996.230648 1996-03-23 16:10:11 138.709000 -31.335000 9.000000 3.210000 
1996.262228 1996-04-04 04:59:36 138.908000 -33.705000 11.500000 2.860000 
1996.321863 1996-04-25 23:44:24 138.969000 -31.628000 13.600000 2.930000 
1996.376920 1996-05-16 02:21:42 138.643000 -31.377000 14.400000 2.860000 
1996.442557 1996-06-09 01:43:15 135.927000 -34.171000 9.600000 3.590000 
1996.491820 1996-06-27 01:33:05 138.711000 -32.116000 10.400000 2.860000 
1996.561249 1996-07-22 10:09:24 138.872000 -31.190000 6.800000 3.590000 
1996.607685 1996-08-08 09:12:20 136.374000 -28.520000 8.700000 2.860000 
1996.613736 1996-08-10 14:14:46 138.425000 -31.488000 12.200000 2.860000 
1996.670625 1996-08-31 08:55:34 138.625000 -31.223000 3.700000 3.140000 
1996.862565 1996-11-09 11:26:07 139.140000 -30.130000 0.000000 3.070000 
1996.894813 1996-11-21 06:06:31 139.183000 -31.732000 16.800000 3.000000 
1996.928977 1996-12-03 17:34:59 137.973000 -29.396000 8.100000 2.930000 
1996.965193 1996-12-16 23:02:47 138.983000 -33.530000 11.100000 3.070000 
1997.102226 1997-02-05 00:15:15 139.241000 -28.710000 11.500000 4.230000 
1997.146733 1997-02-21 06:23:30 136.343000 -33.521000 7.900000 2.930000 
1997.155667 1997-02-24 12:42:40 135.177000 -27.634000 8.100000 3.280000 
1997.179572 1997-03-05 06:15:21 138.979000 -33.817000 21.700000 4.840000 
1997.260076 1997-04-03 15:56:36 138.598000 -31.044000 14.100000 3.140000 
1997.343008 1997-05-03 22:54:17 138.616000 -33.735000 5.000000 3.430000 
1997.363391 1997-05-11 09:34:39 136.015000 -28.353000 10.000000 2.860000 
1997.558421 1997-07-21 15:10:43 137.769000 -32.725000 14.000000 3.820000 
1997.631169 1997-08-17 04:52:31 139.483000 -34.628000 22.400000 2.860000 
1997.692613 1997-09-08 15:28:44 138.544000 -32.906000 10.300000 2.930000 
1997.700109 1997-09-11 09:11:10 138.643000 -31.698000 22.200000 2.860000 
1997.915964 1997-11-29 05:19:38 139.341000 -33.856000 8.100000 3.000000 
1997.956331 1997-12-13 23:10:57 138.793000 -32.380000 8.700000 3.000000 
1998.080629 1998-01-28 08:45:06 138.598000 -32.885000 4.600000 3.430000 
1998.081445 1998-01-28 15:54:12 138.601000 -33.558000 11.700000 2.860000 
1998.084776 1998-01-29 21:06:05 136.898000 -34.177000 5.100000 3.210000 
1998.160652 1998-02-26 14:13:06 136.621000 -33.347000 27.700000 3.820000 
1998.348572 1998-05-06 05:29:31 136.867000 -34.151000 15.200000 3.660000 
1998.441150 1998-06-09 01:00:55 135.769000 -28.037000 27.100000 4.310000 
1998.505735 1998-07-02 15:09:01 135.013000 -33.599000 21.300000 3.140000 
1998.523854 1998-07-09 05:58:48 138.253000 -33.519000 10.200000 2.930000 
1998.541409 1998-07-15 15:51:55 136.873000 -34.161000 12.300000 3.430000 
1998.544816 1998-07-16 21:43:43 139.778000 -35.103000 10.500000 3.280000 
1998.630515 1998-08-17 04:57:11 135.246000 -28.994000 8.300000 3.660000 
1998.697996 1998-09-10 20:28:25 138.788000 -33.090000 3.700000 2.860000 
1998.726816 1998-09-21 09:06:12 137.438000 -29.330000 15.800000 3.280000 
1998.766436 1998-10-05 20:24:27 135.880000 -33.556000 14.100000 3.070000 
1998.796182 1998-10-16 17:09:12 137.903000 -30.234000 4.400000 2.860000 
1998.869762 1998-11-12 14:08:29 138.931000 -35.020000 21.800000 3.070000 
1998.875655 1998-11-14 17:47:56 139.316000 -31.213000 12.700000 2.860000 
1998.877463 1998-11-15 09:39:10 139.400000 -34.126000 10.000000 3.070000 
1998.897082 1998-11-22 13:37:43 137.667000 -29.506000 15.900000 3.070000 
1998.964693 1998-12-17 06:17:22 138.206000 -32.917000 11.200000 3.070000 
1998.966703 1998-12-17 23:54:38 138.371000 -32.382000 8.400000 3.210000 
1999.064281 1999-01-22 15:15:44 139.078000 -33.795000 20.740000 3.590000 
1999.074132 1999-01-26 05:36:55 139.329000 -33.928000 22.990000 3.360000 
1999.090420 1999-02-01 04:23:38 136.814000 -28.400000 25.540000 3.140000 
1999.107232 1999-02-07 07:45:54 138.996000 -33.793000 0.240000 2.930000 
1999.158384 1999-02-26 00:08:53 136.420000 -27.827000 7.180000 3.140000 
1999.182998 1999-03-06 23:54:42 139.137000 -28.565000 6.940000 4.060000 
1999.211226 1999-03-17 07:21:20 138.845000 -30.969000 2.440000 3.280000 
1999.244461 1999-03-29 10:41:26 138.849000 -32.623000 3.180000 3.070000 
1999.259833 1999-04-04 01:26:19 138.657000 -31.619000 9.480000 2.860000 
1999.303678 1999-04-20 01:46:08 138.766000 -33.128000 9.170000 3.140000 
1999.358675 1999-05-10 03:51:53 138.576000 -31.730000 14.650000 2.930000 
1999.599234 1999-08-06 00:33:34 138.325000 -31.860000 18.800000 3.280000 
1999.600124 1999-08-06 08:21:32 138.276000 -32.836000 16.900000 3.210000 
1999.633283 1999-08-18 11:01:54 138.464000 -33.274000 19.470000 4.230000 
1999.673125 1999-09-02 00:16:29 138.326000 -32.313000 12.690000 3.360000 
1999.685028 1999-09-06 08:37:07 138.400000 -31.875000 11.050000 3.360000 
1999.735720 1999-09-24 20:58:30 139.341000 -34.354000 9.240000 3.000000 
1999.797804 1999-10-17 13:11:01 139.075000 -30.445000 12.390000 2.930000 
1999.836069 1999-10-31 12:36:39 138.572000 -32.407000 5.200000 3.590000 
1999.852024 1999-11-06 08:28:23 137.246000 -34.763000 13.800000 2.930000 
1999.876072 1999-11-15 03:16:29 137.328000 -35.433000 12.370000 3.430000 
2000.002648 1999-12-31 08:48:39 139.366000 -33.163000 5.960000 3.000000 
2000.028747 2000-01-09 21:35:41 138.594000 -31.142000 7.700000 2.860000 
2000.073806 2000-01-26 08:34:16 137.188000 -29.139000 6.500000 3.070000 
2000.150108 2000-02-23 05:25:01 136.478000 -33.764000 8.200000 2.860000 
2000.196433 2000-03-11 03:29:36 138.443000 -33.727000 21.800000 3.140000 
2000.240503 2000-03-27 05:48:00 137.455000 -29.344000 12.000000 3.740000 
2000.254446 2000-04-01 08:01:48 138.391000 -31.851000 7.600000 3.070000 
2000.492094 2000-06-27 03:12:13 136.873000 -34.170000 8.200000 3.210000 
2000.535234 2000-07-12 21:21:39 138.534000 -32.596000 13.800000 3.140000 
2000.558145 2000-07-21 06:11:39 137.200000 -29.105000 10.000000 2.930000 
2000.566065 2000-07-24 03:37:22 139.320000 -29.445000 16.200000 2.970000 
2000.691595 2000-09-07 23:59:37 136.889000 -34.169000 9.000000 3.280000 
2000.755297 2000-10-01 06:23:46 137.683000 -29.782000 12.100000 3.590000 
2000.787352 2000-10-12 23:22:34 138.777000 -31.641000 23.800000 3.000000 
2001.055882 2001-01-19 01:15:41 136.853000 -34.176000 9.000000 3.280000 
2001.084089 2001-01-29 08:31:15 138.444000 -30.972000 11.600000 3.140000 
2001.198938 2001-03-12 07:16:11 135.708000 -34.032000 9.120000 2.930000 
2001.245338 2001-03-29 06:00:01 138.757000 -29.607000 33.000000 3.060000 
2001.246808 2001-03-29 18:53:12 135.364000 -27.071000 20.550000 3.360000 
2001.262711 2001-04-04 14:17:25 138.949000 -33.149000 7.580000 3.070000 
2001.282249 2001-04-11 17:33:07 139.102000 -35.223000 11.180000 2.860000 
2001.283836 2001-04-12 07:27:50 138.271000 -33.210000 15.900000 3.360000 
2001.357171 2001-05-09 02:18:35 138.618000 -33.669000 22.690000 3.070000 
2001.357198 2001-05-09 02:32:51 137.330000 -35.323000 17.410000 3.360000 
2001.456852 2001-06-14 12:05:16 138.130000 -31.837000 18.010000 3.980000 
2001.687594 2001-09-06 18:43:49 135.860000 -35.413000 8.690000 3.070000 
2001.859182 2001-11-08 10:50:43 138.172000 -34.846000 22.140000 3.140000 
2001.863664 2001-11-10 02:07:41 138.432000 -33.469000 10.930000 2.860000 
2001.898157 2001-11-22 16:29:31 138.702000 -31.453000 19.470000 3.590000 
2001.936605 2001-12-06 17:31:07 138.448000 -31.921000 13.940000 3.280000 
2001.951117 2001-12-12 00:43:29 138.912000 -28.714000 10.000000 2.930000 
2002.055219 2002-01-19 01:15:41 136.857000 -34.176000 8.800000 3.280000 
2002.120506 2002-02-11 21:33:16 136.300000 -29.264000 8.100000 3.430000 
2002.155748 2002-02-24 18:29:03 138.570000 -31.499000 10.500000 2.910000 
2002.182508 2002-03-06 13:03:23 134.192000 -33.602000 9.600000 2.930000 
2002.344699 2002-05-04 18:47:40 138.745000 -31.751000 17.400000 3.040000 
2002.360319 2002-05-10 11:42:53 135.887000 -33.509000 2.100000 3.000000 
2002.361357 2002-05-10 20:49:00 134.794000 -33.953000 2.000000 2.860000 
2002.588393 2002-08-01 18:58:14 138.730000 -32.289000 11.800000 3.150000 
2002.637734 2002-08-19 19:28:58 135.819000 -27.469000 16.800000 2.690000 
2002.642514 2002-08-21 13:22:49 138.696000 -33.741000 8.900000 3.060000 
2002.655540 2002-08-26 07:33:51 138.143000 -31.885000 10.300000 2.920000 
2002.748476 2002-09-29 06:13:40 138.161000 -32.528000 18.400000 2.950000 
2002.760801 2002-10-03 18:15:43 138.452000 -31.935000 13.800000 3.340000 
2002.858854 2002-11-08 13:46:31 136.167000 -34.037000 5.300000 2.860000 
2002.899884 2002-11-23 13:26:20 138.374000 -30.747000 9.000000 3.130000 
2002.943467 2002-12-09 11:28:44 138.166000 -31.846000 11.200000 3.060000 
2002.995252 2002-12-28 09:24:53 135.819000 -35.248000 10.100000 3.280000 
2003.001710 2002-12-30 18:01:38 138.613000 -33.101000 8.700000 3.000000 
2003.010515 2003-01-02 23:12:30 137.396000 -35.683000 5.000000 2.910000 
2003.033234 2003-01-11 06:21:40 138.303000 -33.341000 6.700000 2.840000 
2003.051195 2003-01-17 19:48:14 135.542000 -34.704000 13.500000 3.000000 
2003.086789 2003-01-30 19:48:40 135.772000 -27.776000 11.500000 2.870000 
2003.091011 2003-02-01 08:49:19 136.832000 -33.427000 32.500000 3.430000 
2003.111740 2003-02-08 22:31:44 138.417000 -32.571000 14.600000 2.950000 
2003.317665 2003-04-25 03:38:04 138.113000 -32.091000 9.200000 2.930000 
2003.338092 2003-05-02 14:41:17 137.986000 -33.878000 19.200000 3.130000 
2003.341735 2003-05-03 22:37:28 138.140000 -28.062000 3.100000 3.210000 
2003.361410 2003-05-11 03:05:27 135.095000 -27.857000 2.400000 3.820000 
2003.378041 2003-05-17 04:52:28 139.037000 -32.982000 1.400000 3.000000 
2003.406049 2003-05-27 10:23:12 135.607000 -35.217000 8.800000 3.360000 
2003.458091 2003-06-15 10:34:47 138.360000 -31.802000 12.500000 2.840000 
2003.519592 2003-07-07 21:41:20 138.540000 -31.085000 24.200000 3.060000 
2003.620055 2003-08-13 14:19:27 138.391000 -33.193000 16.200000 2.990000 
2003.662725 2003-08-29 04:21:28 138.322000 -32.808000 18.400000 3.090000 
2003.728944 2003-09-22 08:49:15 138.390000 -35.565000 12.200000 2.940000 
2003.765859 2003-10-05 20:25:05 138.727000 -31.328000 19.600000 2.840000 
2003.804830 2003-10-20 02:01:27 137.408000 -29.385000 17.200000 3.260000 
2003.867037 2003-11-11 19:19:12 138.614000 -33.241000 10.000000 2.840000 
2003.897072 2003-11-22 18:36:03 138.729000 -31.645000 15.800000 4.150000 
2003.925074 2003-12-03 00:03:37 135.737000 -34.191000 5.000000 3.210000 
2004.263181 2004-04-04 11:50:36 138.151000 -33.002000 10.800000 3.080000 
2004.263561 2004-04-04 15:10:46 138.273000 -32.126000 16.400000 3.140000 
2004.292620 2004-04-15 05:54:17 138.756000 -31.980000 16.000000 3.590000 
2004.398109 2004-05-23 18:35:53 139.174000 -34.345000 15.400000 3.300000 
2004.424902 2004-06-02 13:27:39 138.266000 -33.455000 18.500000 2.900000 
2004.449112 2004-06-11 09:41:10 138.473000 -32.665000 55.000000 2.790000 
2004.454654 2004-06-13 10:15:36 138.257000 -32.303000 15.500000 3.010000 
2004.519460 2004-07-07 02:20:22 138.503000 -31.534000 9.900000 2.890000 
2004.530668 2004-07-11 04:35:18 137.635000 -28.714000 16.000000 2.870000 
2004.538828 2004-07-14 04:06:55 139.207000 -34.127000 14.000000 2.870000 
2004.568750 2004-07-25 02:24:31 138.150000 -30.398000 4.800000 2.860000 
2004.584649 2004-07-30 21:46:20 138.459000 -31.122000 8.300000 3.210000 
2004.591340 2004-08-02 08:25:36 138.594000 -33.528000 16.000000 2.840000 
2004.630963 2004-08-16 19:45:23 138.567000 -31.109000 20.400000 3.210000 
2004.632487 2004-08-17 09:06:36 137.978000 -30.136000 13.600000 3.050000 
2004.787580 2004-10-13 00:37:44 139.174000 -33.670000 13.900000 2.840000 
2004.797540 2004-10-16 15:56:13 138.541000 -31.015000 8.000000 2.860000 
2004.859554 2004-11-08 07:32:29 138.933000 -32.412000 14.000000 2.990000 
2004.901313 2004-11-23 13:35:43 138.105000 -32.396000 16.700000 3.300000 
2004.905922 2004-11-25 05:59:49 137.477000 -35.654000 32.500000 3.040000 
2004.942782 2004-12-08 17:06:19 138.320000 -32.387000 13.400000 2.940000 
2004.956666 2004-12-13 18:48:30 138.718000 -32.361000 9.400000 3.290000 
2004.993264 2004-12-27 03:37:02 136.859000 -33.362000 19.000000 3.070000 
2005.022572 2005-01-06 20:31:24 136.947000 -33.427000 15.400000 2.930000 
2005.039269 2005-01-12 22:53:16 138.574000 -33.097000 7.400000 3.000000 
2005.056450 2005-01-19 05:29:43 138.332000 -30.894000 12.000000 2.930000 
2005.174802 2005-03-03 10:56:58 139.088000 -30.784000 10.000000 3.980000 
2005.176365 2005-03-04 00:38:42 139.712000 -30.788000 7.300000 3.330000 
2005.246196 2005-03-29 12:46:07 137.759000 -35.452000 10.100000 2.870000 
2005.267344 2005-04-06 06:09:08 138.149000 -32.309000 9.100000 3.010000 
2005.340077 2005-05-02 19:42:41 138.883000 -31.443000 14.300000 2.830000 
2005.372229 2005-05-14 13:33:28 136.741000 -28.687000 26.100000 3.820000 
2005.372951 2005-05-14 19:53:06 139.106000 -30.987000 19.700000 4.400000 
2005.409232 2005-05-28 01:54:48 137.686000 -35.076000 13.300000 2.870000 
2005.441528 2005-06-08 21:00:53 139.993000 -32.891000 5.500000 3.430000 
2005.461545 2005-06-16 04:29:06 135.561000 -34.138000 9.300000 3.660000 
2005.499984 2005-06-30 05:25:45 135.741000 -29.070000 6.200000 3.220000 
2005.533128 2005-07-12 07:57:51 138.578000 -31.558000 12.900000 3.100000 
2005.628909 2005-08-16 07:33:38 139.371000 -34.119000 15.200000 3.070000 
2005.650363 2005-08-24 03:37:33 138.738000 -32.322000 8.400000 3.360000 
2005.680430 2005-09-04 03:11:17 137.511000 -29.604000 4.600000 2.930000 
2005.719608 2005-09-18 10:36:44 138.593000 -32.739000 10.300000 3.240000 
2005.790216 2005-10-14 05:33:13 138.881000 -33.700000 12.500000 3.050000 
2006.027558 2006-01-08 22:02:44 139.164000 -31.670000 10.400000 3.250000 
2006.057979 2006-01-20 00:42:31 135.801000 -34.095000 9.500000 2.930000 
2006.063467 2006-01-22 00:49:04 135.890000 -28.087000 3.300000 3.040000 
2006.072953 2006-01-25 11:58:20 135.562000 -34.157000 4.400000 3.660000 
2006.113144 2006-02-09 04:16:25 138.239000 -32.856000 13.200000 3.590000 
2006.117875 2006-02-10 21:44:35 135.643000 -34.164000 8.100000 2.930000 
2006.133580 2006-02-16 15:24:39 138.325000 -31.172000 11.500000 2.960000 
2006.139269 2006-02-18 17:16:55 138.573000 -32.804000 16.500000 3.020000 
2006.196002 2006-03-11 10:35:49 136.649000 -35.847000 11.700000 3.590000 
2006.261657 2006-04-04 10:06:42 138.754000 -33.430000 10.000000 3.430000 
2006.282780 2006-04-12 03:16:33 138.870000 -33.509000 4.600000 2.840000 
2006.341472 2006-05-03 13:45:34 138.383000 -30.708000 3.400000 3.130000 
2006.367405 2006-05-13 01:04:46 135.595000 -27.709000 10.000000 4.230000 
2006.370543 2006-05-14 04:34:59 139.241000 -33.565000 14.000000 3.120000 
2006.391633 2006-05-21 21:27:19 136.617000 -33.610000 16.000000 2.930000 
2006.458549 2006-06-15 08:01:59 139.173000 -32.121000 11.000000 3.820000 
2006.520582 2006-07-07 23:48:13 138.672000 -31.391000 20.200000 3.980000 
2006.541459 2006-07-15 14:48:09 138.763000 -32.988000 4.300000 3.010000 
2006.546016 2006-07-17 06:45:07 136.913000 -34.175000 4.400000 3.510000 
2006.546594 2006-07-17 11:48:48 139.579000 -35.127000 11.100000 3.020000 
2006.568319 2006-07-25 10:15:31 136.194000 -34.584000 13.500000 2.930000 
2006.573840 2006-07-27 10:38:54 139.231000 -31.265000 10.000000 3.900000 
2006.616698 2006-08-12 02:20:03 138.061000 -32.816000 12.300000 3.590000 
2006.619080 2006-08-12 23:13:05 136.023000 -28.239000 18.100000 2.980000 
2006.656133 2006-08-26 12:01:00 139.144000 -33.968000 7.800000 2.860000 
2006.697064 2006-09-10 10:48:18 137.882000 -29.889000 10.700000 2.900000 
2006.763252 2006-10-04 15:00:07 135.638000 -34.171000 10.100000 3.280000 
2006.835919 2006-10-31 03:59:19 138.564000 -31.248000 13.100000 2.840000 
2006.853366 2006-11-06 12:55:23 138.700000 -31.380000 11.700000 2.910000 
2007.006846 2007-01-01 14:18:07 138.587000 -31.057000 20.600000 2.930000 
2007.049972 2007-01-17 08:20:20 138.209000 -32.743000 6.600000 2.890000 
2007.081480 2007-01-28 20:31:54 138.628000 -30.801000 14.700000 3.360000 
2007.241177 2007-03-28 04:23:56 136.115000 -28.281000 8.500000 3.050000 
2007.430806 2007-06-05 10:39:27 135.613000 -28.175000 10.000000 2.980000 
2007.516609 2007-07-06 18:47:13 138.472000 -35.297000 10.800000 2.870000 
2007.522029 2007-07-08 18:17:54 138.105000 -35.602000 12.000000 3.010000 
2007.522292 2007-07-08 20:35:57 138.390000 -33.071000 15.100000 3.220000 
2007.601798 2007-08-06 21:32:09 138.100000 -29.527000 0.000000 3.140000 
2007.667623 2007-08-30 22:32:51 135.998000 -28.050000 0.000000 3.140000 
2007.714254 2007-09-16 23:18:34 138.581000 -31.367000 34.000000 4.190000 
2007.716614 2007-09-17 19:59:41 138.659000 -32.261000 3.200000 2.870000 
2007.720629 2007-09-19 07:11:05 138.260000 -32.800000 13.700000 3.150000 
2007.721896 2007-09-19 18:17:36 137.583000 -35.748000 7.900000 2.850000 
2007.722175 2007-09-19 20:44:36 138.269000 -30.264000 13.900000 2.830000 
2007.766657 2007-10-06 02:39:36 136.438000 -35.953000 7.300000 3.630000 
2007.809025 2007-10-21 14:03:08 137.815000 -30.092000 9.900000 2.950000 
2007.833482 2007-10-30 12:26:07 138.471000 -33.373000 12.300000 3.350000 
2007.835976 2007-10-31 10:18:07 136.869000 -28.972000 24.800000 3.130000 
2007.915010 2007-11-29 07:05:36 136.278000 -33.545000 4.700000 2.860000 
2007.989904 2007-12-26 15:36:11 138.363000 -32.077000 15.600000 4.570000 
2007.999968 2007-12-30 07:49:11 139.066000 -31.547000 7.800000 2.920000 
2008.067022 2008-01-23 19:36:07 138.672000 -33.139000 9.600000 2.930000 
2008.119567 2008-02-12 00:12:25 138.332000 -32.919000 5.500000 3.160000 
2008.132787 2008-02-16 20:05:24 138.531000 -33.421000 11.300000 2.850000 
2008.185429 2008-03-07 01:32:09 138.469000 -33.340000 14.600000 2.850000 
2008.231343 2008-03-23 20:00:39 138.248000 -33.468000 16.100000 3.590000 
2008.274298 2008-04-08 12:33:05 138.653000 -31.437000 13.500000 2.920000 
2008.368207 2008-05-12 19:44:23 138.362000 -32.866000 12.600000 3.300000 
2008.413139 2008-05-29 05:35:54 138.814000 -31.814000 11.800000 3.130000 
2008.413652 2008-05-29 10:05:47 138.520000 -31.667000 7.200000 2.920000 
2008.488771 2008-06-25 20:34:50 138.629000 -31.604000 12.800000 2.910000 
2008.503632 2008-07-01 06:50:50 138.691000 -33.079000 5.300000 3.290000 
2008.557054 2008-07-20 19:08:16 135.818000 -28.268000 10.000000 2.990000 
2008.569866 2008-07-25 11:26:37 138.110000 -30.199000 11.600000 3.250000 
2008.574901 2008-07-27 07:34:27 138.290000 -32.701000 16.700000 3.230000 
2008.606881 2008-08-07 23:54:28 137.597000 -34.159000 12.200000 2.980000 
2008.608356 2008-08-08 12:50:26 137.381000 -35.551000 13.700000 2.850000 
2008.626115 2008-08-15 00:30:41 138.124000 -32.956000 9.700000 2.870000 
2008.667716 2008-08-30 05:10:38 137.898000 -30.097000 10.300000 2.820000 
2008.758074 2008-10-02 05:14:29 135.231000 -33.792000 28.100000 3.280000 
2008.772152 2008-10-07 08:38:30 138.316000 -33.049000 10.500000 2.880000 
2008.772609 2008-10-07 12:38:59 138.634000 -32.078000 11.200000 3.220000 
2008.801517 2008-10-18 02:02:57 138.781000 -32.933000 8.300000 3.300000 
2008.880915 2008-11-16 02:02:19 138.751000 -31.478000 16.600000 4.150000 
2008.909646 2008-11-26 13:53:09 138.763000 -31.649000 18.900000 2.910000 
2008.931857 2008-12-04 16:35:12 138.414000 -33.401000 11.400000 3.280000 
2008.988733 2008-12-25 11:09:11 138.619000 -31.486000 17.500000 3.050000 
2008.997276 2008-12-28 14:02:11 138.231000 -32.696000 11.900000 3.230000 
2009.005218 2008-12-31 11:39:25 138.495000 -31.722000 16.000000 2.990000 
2009.010831 2009-01-02 12:51:16 138.921000 -33.030000 5.700000 3.290000 
2009.046127 2009-01-15 10:15:19 138.399000 -32.045000 13.800000 3.220000 
2009.050722 2009-01-17 02:31:54 138.321000 -32.872000 16.200000 2.870000 
2009.056433 2009-01-19 04:35:39 138.933000 -31.960000 16.700000 2.920000 
2009.075130 2009-01-26 00:29:19 138.988000 -32.763000 8.300000 3.900000 
2009.086972 2009-01-30 08:17:35 138.983000 -30.977000 17.700000 3.150000 
2009.138438 2009-02-18 03:25:59 138.415000 -32.163000 21.000000 3.290000 
2009.164652 2009-02-27 17:13:34 138.009000 -29.488000 38.000000 3.010000 
2009.179039 2009-03-04 23:20:05 138.170000 -32.672000 20.400000 3.590000 
2009.181421 2009-03-05 20:13:09 138.604000 -31.482000 11.900000 3.340000 
2009.205257 2009-03-14 13:09:27 136.032000 -28.391000 28.400000 3.060000 
2009.270319 2009-04-07 07:28:52 135.769000 -35.351000 9.900000 3.000000 
2009.288822 2009-04-14 01:40:28 135.762000 -27.990000 10.300000 3.740000 
2009.413520 2009-05-29 14:45:11 138.189000 -31.070000 9.900000 3.740000 
2009.526633 2009-07-09 22:16:59 138.564000 -34.188000 10.100000 2.930000 
2009.528237 2009-07-10 12:20:33 138.720000 -31.652000 22.200000 2.840000 
2009.572943 2009-07-26 20:13:45 138.270000 -32.084000 10.000000 2.940000 
2009.627665 2009-08-15 19:54:26 138.765000 -31.774000 19.900000 3.430000 
2009.640447 2009-08-20 11:57:09 135.676000 -34.113000 6.700000 3.070000 
2009.653889 2009-08-25 09:47:17 138.174000 -32.741000 10.300000 2.870000 
2009.726350 2009-09-20 20:58:01 136.101000 -27.550000 17.400000 3.510000 
2009.825111 2009-10-26 22:41:13 139.070000 -32.719000 1.800000 3.590000 
2009.845119 2009-11-03 06:04:00 138.278000 -35.375000 10.300000 3.390000 
2009.884178 2009-11-17 12:27:18 136.415000 -27.935000 33.000000 3.140000 
2009.908841 2009-11-26 12:38:55 138.331000 -33.571000 9.700000 3.280000 
2009.972207 2009-12-19 16:05:44 138.793000 -34.238000 10.400000 3.010000 
2010.010185 2010-01-02 13:00:32 136.763000 -36.449000 22.300000 3.160000 
2010.096889 2010-02-03 05:02:06 138.098000 -28.157000 7.600000 3.700000 
2010.295036 2010-04-16 13:57:22 138.880000 -35.109000 26.400000 3.820000 
2010.360469 2010-05-10 11:32:01 135.950000 -34.073000 4.800000 2.860000 
2010.406970 2010-05-27 11:08:54 139.476000 -33.992000 15.000000 3.000000 
2010.432824 2010-06-05 21:47:01 136.719000 -33.589000 22.400000 4.660000 
2010.446063 2010-06-10 17:49:49 138.263200 -27.989000 0.000000 3.430000 
2010.479244 2010-06-22 20:41:23 138.537000 -32.641000 13.500000 3.090000 
2010.541959 2010-07-15 18:26:27 138.694000 -31.698000 18.900000 3.620000 
2010.572363 2010-07-26 20:57:27 138.851000 -31.885000 11.400000 2.890000 
2010.575878 2010-07-28 03:46:07 139.166000 -31.498000 9.600000 3.030000 
2010.583376 2010-07-30 21:29:24 138.149000 -32.253000 19.100000 3.780000 
2010.585595 2010-07-31 16:56:34 136.822000 -30.483000 0.000000 2.860000 
2010.723088 2010-09-19 22:11:01 138.817000 -31.884000 4.100000 2.890000 
2010.773821 2010-10-08 10:53:51 138.537000 -33.731000 13.200000 3.280000 
2010.778339 2010-10-10 02:30:19 139.852000 -32.913000 5.400000 4.060000 
2010.814065 2010-10-23 03:40:20 135.957000 -34.040000 3.700000 3.210000 
2010.873380 2010-11-13 19:36:49 138.753000 -31.429000 12.300000 3.040000 
2010.885289 2010-11-18 04:00:12 137.379000 -35.423000 11.900000 3.060000 
2010.917246 2010-11-29 20:08:07 139.564000 -32.120000 8.600000 3.850000 
2010.925977 2010-12-03 00:40:03 135.964000 -34.066000 5.800000 3.000000 
2011.015416 2011-01-04 16:40:14 135.653000 -34.104000 10.700000 3.560000 
2011.043703 2011-01-15 00:38:03 136.497000 -33.586000 27.300000 3.880000 
2011.124719 2011-02-13 14:48:09 138.699000 -33.202000 8.200000 3.070000 
2011.125899 2011-02-14 01:08:42 138.306000 -33.539000 12.200000 2.840000 
2011.140286 2011-02-19 07:15:40 138.712000 -31.779000 21.400000 2.810000 
2011.143965 2011-02-20 15:30:35 138.436000 -32.571000 10.900000 3.530000 
2011.167458 2011-03-01 05:26:56 138.541700 -29.912900 0.000000 3.070000 
2011.172204 2011-03-02 23:02:55 135.988000 -34.032000 6.900000 3.070000 
2011.237496 2011-03-26 19:22:55 135.777000 -27.828000 36.000000 3.220000 
2011.239335 2011-03-27 11:30:09 138.511000 -33.175000 13.300000 3.280000 
2011.254845 2011-04-02 03:27:37 139.183000 -31.819000 9.800000 2.820000 
2011.310954 2011-04-22 15:18:13 139.328000 -33.191000 4.600000 2.970000 
2011.312218 2011-04-23 02:22:54 138.889000 -31.249000 12.400000 3.070000 
2011.343488 2011-05-04 12:29:20 137.908000 -32.287000 11.400000 3.430000 
2011.375318 2011-05-16 03:30:39 139.035000 -31.570000 18.500000 3.170000 
2011.382753 2011-05-18 20:41:04 138.850000 -30.855000 10.500000 3.550000 
2011.398014 2011-05-24 10:27:16 139.331000 -33.182000 6.500000 3.710000 
2011.402079 2011-05-25 22:05:22 138.848000 -32.349000 4.300000 3.360000 
2011.496101 2011-06-29 06:16:01 138.675200 -30.100400 0.000000 3.000000 
2011.498837 2011-06-30 06:15:00 138.459300 -30.255700 0.000000 3.140000 
2011.529647 2011-07-11 12:19:25 139.746000 -30.341000 10.000000 3.140000 
2011.531930 2011-07-12 08:20:13 136.188000 -28.224200 0.000000 2.930000 
2011.535599 2011-07-13 16:30:12 139.721000 -29.968000 4.000000 3.140000 
2011.550815 2011-07-19 05:53:00 138.600000 -31.295000 21.200000 2.820000 
2011.563468 2011-07-23 20:47:55 138.816000 -32.026000 10.100000 3.410000 
2011.632994 2011-08-18 06:14:59 138.615200 -30.112500 0.000000 3.430000 
2011.660630 2011-08-28 08:29:51 138.305000 -32.839000 13.300000 3.030000 
2011.668606 2011-08-31 06:24:59 138.595900 -30.157900 0.000000 3.000000 
2011.677602 2011-09-03 13:16:11 138.547000 -30.776000 16.000000 2.940000 
2011.680109 2011-09-04 11:15:12 138.693000 -33.086000 4.000000 4.180000 
2011.684223 2011-09-05 23:18:37 139.579000 -32.161000 4.500000 2.820000 
2011.719350 2011-09-18 19:13:28 138.193000 -32.328000 14.000000 3.080000 
2011.726083 2011-09-21 06:15:00 138.325800 -30.363000 0.000000 3.430000 
2011.732752 2011-09-23 16:42:13 138.559000 -32.626000 3.400000 3.430000 
2011.740931 2011-09-26 16:24:22 139.171000 -28.973000 27.400000 3.040000 
2011.767038 2011-10-06 05:14:59 138.394500 -30.368100 0.000000 2.930000 
2011.792293 2011-10-15 10:38:13 138.799000 -32.390000 4.700000 4.070000 
2011.794462 2011-10-16 05:39:00 138.591000 -31.617000 20.200000 2.820000 
2011.801105 2011-10-18 15:52:25 138.637000 -35.030000 23.400000 3.530000 
2011.812220 2011-10-22 17:18:32 139.518000 -32.115000 4.000000 3.470000 
2011.840669 2011-11-02 02:41:26 136.730000 -33.581000 7.400000 3.070000 
2011.843814 2011-11-03 06:15:27 136.292000 -36.384000 7.700000 3.170000 
2011.857882 2011-11-08 09:34:12 138.176000 -29.746000 14.100000 3.060000 
2011.904415 2011-11-25 09:28:22 138.022000 -32.671000 11.800000 2.890000 
2011.932403 2011-12-05 14:48:27 139.285000 -33.168000 7.900000 2.840000 
2011.950228 2011-12-12 03:03:42 138.726000 -33.250000 7.300000 3.130000 
2011.962048 2011-12-16 10:40:38 138.136000 -35.563000 17.100000 2.930000 
2011.963957 2011-12-17 03:24:34 138.458000 -32.931000 14.700000 3.100000 
2012.013600 2012-01-04 06:34:12 137.383000 -29.425000 24.400000 2.830000 
2012.015124 2012-01-04 19:55:25 138.765000 -32.178000 13.000000 3.060000 
2012.028695 2012-01-09 18:53:04 139.267000 -30.402000 20.800000 2.840000 
2012.045314 2012-01-15 20:33:50 137.546900 -29.784400 0.000000 2.860000 
2012.078026 2012-01-27 19:18:47 139.371000 -34.116000 19.500000 2.860000 
2012.100678 2012-02-05 01:52:43 139.574000 -33.409000 13.500000 2.970000 
2012.137699 2012-02-18 14:24:02 138.417000 -29.546000 18.800000 2.920000 
2012.159605 2012-02-26 14:25:03 136.011000 -34.045000 5.200000 3.070000 
2012.200410 2012-03-12 12:06:51 138.278000 -33.218000 12.600000 3.360000 
2012.225623 2012-03-21 17:07:11 136.098000 -28.376000 4.900000 3.930000 
2012.231018 2012-03-23 16:24:42 138.722000 -33.389000 9.400000 3.050000 
2012.237004 2012-03-25 20:53:22 136.850000 -30.440000 0.000000 3.860000 
2012.323941 2012-04-26 14:57:28 139.008000 -31.552000 16.500000 3.030000 
2012.429487 2012-06-04 04:09:23 138.436000 -33.334000 13.400000 3.190000 
2012.450588 2012-06-11 21:07:26 138.558000 -32.332000 18.100000 3.220000 
2012.465022 2012-06-17 03:39:00 135.512000 -27.697000 10.000000 3.220000 
2012.490807 2012-06-26 13:40:37 138.564000 -31.693000 20.700000 3.020000 
2012.491542 2012-06-26 20:07:01 136.980000 -33.296000 14.800000 3.070000 
2012.504796 2012-07-01 16:17:54 138.768000 -31.700000 13.600000 2.950000 
2012.528222 2012-07-10 05:39:02 137.734000 -31.774000 30.100000 2.970000 
2012.545967 2012-07-16 17:11:47 137.944000 -35.624000 24.500000 2.850000 
2012.576518 2012-07-27 21:00:18 137.541000 -35.392000 18.700000 2.930000 
2012.606259 2012-08-07 17:42:30 137.539000 -35.386000 15.200000 2.930000 
2012.638971 2012-08-19 16:27:18 135.472000 -27.528000 7.700000 3.520000 
2012.670063 2012-08-31 00:59:55 136.313000 -33.935000 0.400000 2.860000 
2012.671359 2012-08-31 12:21:27 138.449000 -32.578000 5.300000 2.950000 
2012.726156 2012-09-20 12:41:53 136.372000 -33.606000 7.700000 3.070000 
2012.736010 2012-09-24 03:04:35 137.842000 -35.638000 25.200000 2.920000 
2012.881141 2012-11-16 03:16:18 138.448000 -33.388000 10.500000 3.040000 
2012.891694 2012-11-19 23:46:35 136.787000 -33.573000 10.600000 2.860000 
2012.901880 2012-11-23 17:04:00 137.813000 -28.543000 33.200000 3.000000 
2012.932087 2012-12-04 17:51:06 139.233000 -30.026000 17.300000 3.380000 
2012.976539 2012-12-20 23:30:41 138.727000 -32.040000 11.100000 2.840000 
2012.987862 2012-12-25 02:45:58 138.702000 -32.532000 2.200000 2.870000 
2013.017706 2013-01-05 00:22:31 138.539000 -33.293000 15.700000 3.420000 
2013.065847 2013-01-22 14:22:06 138.749000 -33.245000 5.400000 2.920000 
2013.144743 2013-02-20 09:57:20 137.357000 -35.489000 18.800000 3.510000 
2013.242126 2013-03-27 23:35:52 136.957000 -33.431000 7.200000 3.210000 
2013.247753 2013-03-30 00:55:15 137.533000 -35.395000 11.300000 2.870000 
2013.313020 2013-04-22 21:02:16 139.056000 -33.256000 7.600000 3.120000 
2013.337508 2013-05-01 19:41:56 136.747000 -30.357000 0.000000 3.520000 
2013.349398 2013-05-06 03:55:39 139.183000 -34.435000 17.000000 3.080000 
2013.427673 2013-06-03 18:03:49 138.637000 -31.289000 23.500000 2.960000 
2013.457025 2013-06-14 11:21:28 138.676000 -31.750000 19.500000 3.310000 
2013.472602 2013-06-20 03:54:35 136.816000 -29.169000 33.000000 3.070000 
2013.492732 2013-06-27 12:21:52 138.278000 -33.464000 18.500000 2.910000 
2013.506286 2013-07-02 11:10:26 138.135000 -30.321000 30.900000 2.910000 
2013.529688 2013-07-11 00:18:47 138.571000 -31.939000 17.300000 3.110000 
2013.580252 2013-07-29 11:32:44 138.619000 -31.367000 15.100000 3.330000 
2013.624071 2013-08-14 11:39:24 136.749000 -33.577000 13.700000 3.590000 
2013.741062 2013-09-26 05:10:44 137.867000 -29.821000 13.400000 2.900000 
2013.763216 2013-10-04 07:22:28 138.622000 -31.439000 14.000000 2.970000 
2013.782867 2013-10-11 11:38:05 137.161000 -29.296000 17.800000 2.980000 
2013.812486 2013-10-22 07:16:13 137.550000 -29.578000 11.200000 3.070000 
2013.814222 2013-10-22 22:29:09 138.523000 -33.571000 15.800000 3.130000 
2013.823811 2013-10-26 10:32:14 138.618000 -30.233000 12.800000 3.480000 
2013.831633 2013-10-29 07:06:23 138.578000 -32.002000 4.100000 2.980000 
2013.870177 2013-11-12 08:58:23 138.629000 -31.406000 17.900000 2.830000 
2013.898471 2013-11-22 16:59:53 138.303000 -31.092000 15.500000 3.190000 
2013.926334 2013-12-02 21:14:12 139.135000 -31.656000 14.500000 2.890000 
2013.962484 2013-12-16 02:07:11 138.553000 -31.562000 10.900000 3.170000 
2014.007023 2014-01-01 08:32:15 138.813000 -31.914000 10.000000 2.820000 
2014.019056 2014-01-05 18:01:01 138.685000 -31.949000 15.700000 3.480000 
2014.019501 2014-01-05 21:55:16 138.611000 -34.988000 9.700000 2.910000 
2014.041455 2014-01-13 22:21:56 137.304000 -35.703000 13.100000 2.820000 
2014.049889 2014-01-17 00:17:39 138.146000 -33.299000 14.200000 3.420000 
2014.051698 2014-01-17 16:09:27 135.277000 -27.537000 15.800000 2.980000 
2014.057410 2014-01-19 18:13:26 138.306000 -33.149000 11.900000 3.360000 
2014.064801 2014-01-22 11:00:36 136.555000 -28.874000 18.200000 3.830000 
2014.087505 2014-01-30 18:02:05 136.749000 -29.218000 6.600000 3.090000 
2014.130481 2014-02-15 10:44:55 136.456000 -33.782000 7.200000 3.210000 
2014.178941 2014-03-05 03:32:29 136.465000 -33.813000 3.600000 2.930000 
2014.231566 2014-03-24 08:50:38 138.231000 -32.060000 14.900000 2.990000 
2014.250370 2014-03-31 05:40:19 138.251000 -32.745000 12.500000 3.390000 
2014.255585 2014-04-02 03:23:16 139.000000 -33.653000 14.700000 3.200000 
2014.287508 2014-04-13 19:13:10 138.410000 -31.830000 6.900000 3.340000 
2014.314180 2014-04-23 13:01:06 138.437000 -33.353000 18.500000 3.260000 
2014.329965 2014-04-29 07:23:36 138.150000 -31.390000 14.700000 2.820000 
2014.330253 2014-04-29 09:54:56 139.559000 -32.816000 2.800000 4.120000 
2014.335795 2014-05-01 10:29:46 135.891000 -34.989000 10.900000 3.070000 
2014.393890 2014-05-22 15:44:57 138.673000 -32.020000 16.900000 2.900000 
2014.427970 2014-06-04 02:29:08 137.615000 -29.902000 8.600000 4.520000 
2014.436575 2014-06-07 05:54:54 135.116000 -27.225000 27.400000 3.080000 
2014.451887 2014-06-12 20:08:09 138.296000 -32.492000 16.200000 3.230000 
2014.475469 2014-06-21 10:51:18 138.310000 -32.979000 13.100000 3.030000 
2014.518943 2014-07-07 07:56:07 137.461000 -36.076000 10.000000 3.000000 
2014.587241 2014-08-01 06:37:13 139.490000 -33.090000 7.900000 2.840000 
2014.667109 2014-08-30 10:43:56 136.466000 -33.816000 4.400000 3.430000 
2014.667110 2014-08-30 10:44:34 136.466000 -33.816000 4.400000 3.430000 
2014.705229 2014-09-13 08:52:54 139.103000 -33.766000 15.100000 2.910000 
2014.710451 2014-09-15 06:39:42 138.510000 -32.038000 25.500000 2.840000 
2014.716796 2014-09-17 14:16:52 139.023000 -33.463000 8.700000 3.330000 
2014.719289 2014-09-18 12:07:57 138.242000 -32.884000 16.600000 3.100000 
2014.724964 2014-09-20 13:52:25 136.668000 -33.249000 11.100000 3.070000 
2014.755113 2014-10-01 14:09:38 138.388000 -33.577000 13.200000 3.200000 
2014.941200 2014-12-08 13:21:34 136.439000 -33.800000 7.400000 2.860000 
2015.028150 2015-01-09 07:32:44 138.265000 -33.028000 15.500000 3.170000 
2015.051646 2015-01-17 21:30:38 138.670000 -32.001000 14.900000 3.050000 
2015.142700 2015-02-20 03:40:19 137.593000 -29.550000 25.600000 2.860000 
2015.235765 2015-03-26 03:28:04 136.625000 -33.351000 10.600000 2.860000 
2015.280930 2015-04-11 15:22:13 138.542000 -33.352000 11.800000 2.980000 
2015.295850 2015-04-17 02:09:20 138.574000 -31.883000 15.700000 3.180000 
2015.302006 2015-04-19 08:07:00 136.590000 -33.763000 4.400000 2.860000 
2015.309427 2015-04-22 01:10:10 138.600000 -31.698000 20.300000 2.810000 
2015.315070 2015-04-24 02:38:10 136.156000 -28.588000 6.900000 3.150000 
2015.361733 2015-05-11 03:40:31 138.159000 -32.707000 14.200000 3.470000 
2015.368111 2015-05-13 11:35:13 136.775000 -36.551000 17.800000 3.470000 
2015.425702 2015-06-03 12:24:51 135.682000 -33.457000 11.200000 2.860000 
2015.460357 2015-06-16 04:11:32 138.658000 -31.426000 14.700000 3.110000 
2015.470621 2015-06-19 22:10:08 136.722000 -33.481000 25.600000 3.360000 
2015.475710 2015-06-21 18:46:34 138.661000 -31.977000 13.500000 2.830000 
2015.480310 2015-06-23 11:05:55 138.637000 -33.191000 4.100000 2.850000 
2015.485259 2015-06-25 06:28:48 138.580000 -32.851000 5.300000 3.180000 
2015.496561 2015-06-29 09:32:55 136.883000 -30.361000 2.900000 2.930000 
2015.520049 2015-07-07 23:26:38 139.304000 -33.717000 8.900000 2.840000 
2015.534395 2015-07-13 05:12:10 138.630000 -32.049000 21.600000 2.910000 
2015.554081 2015-07-20 09:45:31 139.169000 -32.107000 11.600000 3.180000 
2015.561233 2015-07-23 00:27:16 138.905000 -31.342000 20.800000 2.820000 
2015.573090 2015-07-27 08:23:17 138.713000 -31.647000 20.200000 3.390000 
2015.582972 2015-07-30 23:00:41 136.612000 -34.597000 10.100000 2.930000 
2015.652645 2015-08-25 09:45:28 137.921000 -28.481000 26.300000 2.860000 
2015.679071 2015-09-04 01:23:49 135.114000 -27.597000 11.200000 2.990000 
2015.680669 2015-09-04 15:24:46 138.174000 -32.345000 16.600000 3.080000 
2015.687159 2015-09-07 00:17:51 138.490000 -32.438000 21.900000 2.860000 
2015.689002 2015-09-07 16:27:29 138.971000 -33.667000 8.800000 2.840000 
2015.691360 2015-09-08 13:07:12 137.973000 -32.500000 9.400000 2.880000 
2015.819970 2015-10-25 12:29:41 138.258000 -32.652000 12.800000 2.890000 
2015.904904 2015-11-25 13:00:40 138.689000 -31.328000 22.200000 2.890000 
2015.907070 2015-11-26 08:00:01 138.701000 -30.786000 10.000000 3.070000 
2015.927165 2015-12-03 16:08:55 139.006000 -29.983000 12.600000 2.660000 
2015.984851 2015-12-24 17:48:31 136.855000 -33.416000 28.600000 3.360000 
2016.013341 2016-01-04 03:33:01 138.935000 -32.451000 7.300000 3.520000 
2016.029949 2016-01-10 05:07:45 136.904000 -33.414000 22.200000 2.860000 
2016.168336 2016-02-29 18:12:31 136.698000 -28.288000 39.800000 2.940000 
2016.221774 2016-03-20 06:38:00 136.824000 -28.894000 29.000000 3.420000 
2016.266323 2016-04-05 13:08:39 138.548000 -33.553000 12.200000 2.850000 
2016.313178 2016-04-22 15:51:47 135.793000 -28.191000 31.400000 2.830000 
2016.337768 2016-05-01 15:25:08 137.160000 -29.681000 10.000000 3.280000 
2016.375218 2016-05-15 07:41:40 138.655000 -31.801000 14.000000 3.140000 
2016.395923 2016-05-22 21:11:33 136.289000 -33.934000 10.000000 3.070000 
2016.399839 2016-05-24 07:31:03 138.761000 -31.814000 10.000000 3.140000 
2016.405803 2016-05-26 11:47:54 139.161000 -31.080000 12.000000 3.210000 
2016.409498 2016-05-27 20:11:28 138.272000 -33.359000 0.000000 2.930000 
2016.420858 2016-05-31 23:46:11 139.232000 -33.926000 0.000000 3.540000 
2016.470384 2016-06-19 01:54:08 136.468000 -35.946000 -9999.000000 4.400000 
2016.528375 2016-07-10 06:14:33 138.312000 -33.204000 -9999.000000 2.850000 
2016.530874 2016-07-11 04:08:37 137.656000 -29.922000 11.000000 3.140000 
2016.561758 2016-07-22 10:52:08 137.888000 -32.157000 -9999.000000 3.300000 
2016.569921 2016-07-25 10:25:27 138.302000 -33.291000 2.000000 3.000000 
2016.612182 2016-08-09 20:52:55 139.123000 -29.391000 10.000000 3.070000 
2016.663440 2016-08-28 14:11:31 138.302400 -31.294500 10.000000 2.820000 
2016.761101 2016-10-03 06:16:33 136.825000 -35.853000 10.000000 3.620000 
2016.773381 2016-10-07 17:55:13 138.542000 -33.541000 11.000000 3.360000 
2016.778259 2016-10-09 12:40:28 136.119000 -28.413000 12.000000 3.070000 
2016.784137 2016-10-11 16:12:24 136.492000 -28.410000 10.000000 3.140000 
2016.784325 2016-10-11 17:50:58 138.749000 -31.430000 12.000000 2.930000 
2016.797563 2016-10-16 13:53:31 136.599000 -28.266000 15.000000 3.140000 
2016.831996 2016-10-29 03:43:30 138.747000 -30.632000 10.000000 3.560000 
2016.836373 2016-10-30 18:05:24 138.344000 -32.075000 19.000000 3.000000 
2016.838724 2016-10-31 14:41:53 138.259000 -31.042000 4.000000 2.930000 
2016.847134 2016-11-03 16:25:13 137.098000 -29.627000 10.000000 3.730000 
2016.862650 2016-11-09 08:25:46 135.358000 -28.711000 -9999.000000 2.910000 
2016.904522 2016-11-24 15:28:45 135.454000 -27.577000 12.000000 3.000000 
2016.907030 2016-11-25 13:27:41 139.305000 -33.908000 0.000000 3.070000 
2016.910337 2016-11-26 18:27:07 135.101000 -27.082000 10.000000 3.140000 
2016.995064 2016-12-27 17:09:13 136.459000 -33.289000 10.000000 2.860000 
2017.033120 2017-01-10 14:44:35 138.153000 -32.285000 10.000000 3.280000 
2017.071627 2017-01-24 16:17:00 138.541000 -31.691000 10.000000 2.930000 
2017.074845 2017-01-25 20:29:39 138.624000 -33.769000 10.000000 2.930000 
2017.086488 2017-01-30 02:33:09 137.632000 -34.156000 10.000000 3.360000 
2017.093228 2017-02-01 13:37:57 139.257900 -35.112600 25.190000 3.770000 
2017.104299 2017-02-05 14:41:01 138.849000 -33.796000 10.000000 3.000000 
2017.116530 2017-02-10 01:53:58 138.550000 -35.030000 13.000000 3.140000 
2017.124262 2017-02-12 21:40:32 138.310000 -32.985000 10.000000 3.000000 
2017.133836 2017-02-16 09:35:41 135.882000 -28.182000 -9999.000000 3.050000 
2017.165653 2017-02-28 00:30:15 138.618000 -31.792000 10.000000 2.860000 
2017.181365 2017-03-05 18:13:57 138.571000 -31.421000 10.000000 2.860000 
2017.237683 2017-03-26 07:53:54 135.271000 -27.463000 10.000000 3.550000 
2017.245329 2017-03-29 02:55:30 136.080000 -28.282000 10.000000 3.570000 
2017.279912 2017-04-10 18:04:16 138.084000 -30.388000 10.000000 2.930000 
2017.280310 2017-04-10 21:33:42 138.230000 -30.762000 10.000000 2.860000 
2017.317051 2017-04-24 07:37:24 138.399000 -32.440000 10.000000 3.650000 
2017.320003 2017-04-25 09:30:30 138.870000 -31.185000 10.000000 3.280000 
