> -Wthick,chartreuse1,. Oz   
>  
#  29577 2   
1977.01 8.95 
1977.01 2.95 
2011.01 2.95 
>  
#  1000 10   
1900.00 6.45 
1920.00 6.45 
1920.00 5.95 
1960.00 5.95 
1960.00 4.45 
1970.01 4.45 
1970.01 3.95 
1977.01 3.95 
1977.01 2.95 
2011.01 2.95 
>  
#  0 2   
1880.00 2.45 
2011.01 2.45 
>  
#  0 2   
1880.00 2.45 
2011.01 2.45 
>  
#  0 2   
1880.00 2.45 
2011.01 2.45 
>  
#  0 2   
1880.00 2.45 
2011.01 2.45 
>  
#  0 2   
1880.00 2.45 
2011.01 2.45 
>  
#  0 2   
1880.00 2.45 
2011.01 2.45 
>  
#  0 2   
1880.00 2.45 
2011.01 2.45 
>  
#  0 2   
1880.00 2.45 
2011.01 2.45 