> -Wthin,chartreuse1,. SEA  
#
#  28566 2   
1966.01 8.85 
1966.01 2.85 
2011.01 2.85 
>  
#  203 14   
1880.00 6.45 
1885.01 6.45 
1885.01 5.45 
1945.01 5.45 
1945.01 5.05 
1945.01 5.05 
1945.01 4.55 
1957.01 4.55 
1957.01 4.05 
1960.00 4.05 
1960.00 3.45 
1966.01 3.45 
1966.01 2.85 
2011.01 2.85 
>  
#  200 14   
1880.00 6.45 
1900.00 6.45 
1900.00 6.05 
1950.00 6.05 
1950.00 5.05 
1950.00 5.05 
1950.00 4.65 
1966.01 4.65 
1966.01 4.05 
1966.01 4.05 
1966.01 3.45 
1966.01 3.45 
1966.01 2.85 
2011.01 2.85 
>   
#  201 14   
1880.00 6.45 
1885.01 6.45 
1885.01 5.85 
1949.01 5.85 
1949.01 5.05 
1949.01 5.05 
1949.01 4.55 
1966.01 4.55 
1966.01 4.05 
1966.01 4.05 
1966.01 3.45 
1966.01 3.45 
1966.01 2.85 
2011.01 2.85 
>  
#  202 14   
1880.00 6.45 
1885.01 6.45 
1885.01 5.65 
1945.01 5.65 
1945.01 5.05 
1945.01 5.05 
1945.01 4.55 
1957.01 4.55 
1957.01 4.05 
1966.01 4.05 
1966.01 3.45 
1966.01 3.45 
1966.01 2.85 
2011.01 2.85 
>  
#  204 14   
1880.00 6.45 
1900.00 6.45 
1900.00 6.05 
1950.00 6.05 
1950.00 5.05 
1959.00 5.05 
1959.00 4.45 
1966.01 4.45 
1966.01 4.05 
1966.01 4.05 
1966.01 3.45 
1966.01 3.45 
1966.01 2.85 
2011.01 2.85 
>  
#  213 14   
1880.00 6.45 
1885.01 6.45 
1885.01 5.45 
1945.01 5.45 
1945.01 5.05 
1945.01 5.05 
1945.01 4.55 
1957.01 4.55 
1957.01 4.05 
1960.00 4.05 
1960.00 3.45 
1966.01 3.45 
1966.01 2.95 
2011.01 2.95 
>  
#  101 14   
1880.00 6.45 
1885.01 6.45 
1885.01 5.25 
1945.01 5.25 
1945.01 5.05 
1945.01 5.05 
1945.01 4.55 
1957.01 4.55 
1957.01 4.05 
1967.00 4.05 
1967.00 3.45 
1967.00 3.45 
1967.00 2.95 
2011.01 2.95 
>  
#  300 14   
1880.00 6.45 
1910.00 6.45 
1910.00 5.65 
1950.00 5.65 
1950.00 5.05 
1955.00 5.05 
1955.00 4.65 
1960.00 4.65 
1960.00 4.05 
1960.00 4.05 
1960.00 3.45 
1960.00 3.45 
1960.00 2.95 
2011.01 2.95 
>  
#  301 14   
1880.00 6.45 
1900.00 6.45 
1900.00 5.65 
1950.00 5.65 
1950.00 5.05 
1950.00 5.05 
1950.00 4.55 
1957.01 4.55 
1957.01 4.05 
1960.00 4.05 
1960.00 3.45 
1960.00 3.45 
1960.00 2.95 
2011.01 2.95 
