> -Wthick,chartreuse1,. EA   
>  
#  29575 2   
1975.00 8.95 
1975.00 2.95 
2011.01 2.95 
>  
#  503 14   
1880.00 6.45 
1900.00 6.45 
1900.00 6.05 
1965.01 6.05 
1965.01 5.05 
1965.01 5.05 
1965.01 4.45 
1975.00 4.45 
1975.00 4.05 
1975.00 4.05 
1975.00 3.45 
1975.00 3.45 
1975.00 2.95 
2011.01 2.95 
>  
#  7 14   
1880.00 6.45 
1900.00 6.45 
1900.00 6.05 
1950.00 6.05 
1950.00 4.95 
1952.00 4.95 
1952.00 4.55 
1970.01 4.55 
1970.01 3.95 
1977.01 3.95 
1977.01 3.45 
1977.01 3.45 
1977.01 3.05 
2011.01 3.05 
>  
#  50 14   
1880.00 6.45 
1900.00 6.45 
1900.00 6.05 
1960.00 6.05 
1960.00 5.05 
1965.01 5.05 
1965.01 4.45 
1970.01 4.45 
1970.01 4.05 
1975.00 4.05 
1975.00 3.45 
1975.00 3.45 
1975.00 2.95 
2011.01 2.95 
>  
#  70 14   
1880.00 6.45 
1905.00 6.45 
1905.00 6.05 
1958.00 6.05 
1958.00 4.95 
1960.00 4.95 
1960.00 4.55 
1970.01 4.55 
1970.01 3.95 
1977.01 3.95 
1977.01 3.45 
1977.01 3.45 
1977.01 3.05 
2011.01 3.05 
>  
#  73 14   
1880.00 6.45 
1900.00 6.45 
1900.00 6.05 
1950.00 6.05 
1950.00 4.95 
1952.00 4.95 
1952.00 4.55 
1970.01 4.55 
1970.01 3.95 
1972.00 3.95 
1972.00 3.45 
1977.01 3.45 
1977.01 3.05 
2011.01 3.05 
>  
#  74 14   
1880.00 6.45 
1905.00 6.45 
1905.00 6.05 
1955.00 6.05 
1955.00 4.95 
1960.00 4.95 
1960.00 4.55 
1968.00 4.55 
1968.00 3.95 
1977.01 3.95 
1977.01 3.45 
1977.01 3.45 
1977.01 3.05 
2011.01 3.05 
>  
#  501 14   
1880.00 6.45 
1900.00 6.45 
1900.00 6.05 
1960.00 6.05 
1960.00 5.05 
1965.01 5.05 
1965.01 4.45 
1975.00 4.45 
1975.00 4.05 
1975.00 4.05 
1975.00 3.45 
1975.00 3.45 
1975.00 2.95 
2011.01 2.95 
>  
#  503 14   
1880.00 6.45 
1900.00 6.45 
1900.00 6.05 
1965.01 6.05 
1965.01 5.05 
1965.01 5.05 
1965.01 4.45 
1975.00 4.45 
1975.00 4.05 
1975.00 4.05 
1975.00 3.45 
1975.00 3.45 
1975.00 2.95 
2011.01 2.95 
>  
#  504 14   
1880.00 6.45 
1900.00 6.45 
1900.00 6.05 
1950.00 6.05 
1950.00 5.00 
1952.00 5.00 
1952.00 4.45 
1960.00 4.45 
1960.00 4.05 
1970.01 4.05 
1970.01 3.45 
1975.00 3.45 
1975.00 2.95 
2011.01 2.95 