> -Wthick,chartreuse1,. WA   
>  
#  30577 2   
1979.01 8.05
1979.01 3.05 
2011.01 3.05 
>  
#  70 14   
1880.00 6.45 
1905.00 6.45 
1905.00 6.05 
1958.00 6.05 
1958.00 4.95 
1960.00 4.95 
1960.00 4.55 
1970.01 4.55 
1970.01 3.95 
1979.01 3.95 
1979.01 3.45 
1979.01 3.45 
1979.01 3.05 
2011.01 3.05 
>  
#  7 14   
1880.00 6.45 
1900.00 6.45 
1900.00 6.05 
1950.00 6.05 
1950.00 4.95 
1952.00 4.95 
1952.00 4.55 
1970.01 4.55 
1970.01 3.95 
1977.01 3.95 
1977.01 3.45 
1977.01 3.45 
1977.01 3.05 
2011.01 3.05 
>  
#  77 14   
1880.00 6.45 
1905.00 6.45 
1905.00 6.05 
1958.00 6.05 
1958.00 4.95 
1960.00 4.95 
1960.00 4.55 
1970.01 4.55 
1970.01 3.95 
1980.01 3.95 
1980.01 3.45 
1980.01 3.45 
1980.01 3.05 
2011.01 3.05 
>  
#  71 14   
1880.00 6.45 
1900.00 6.45 
1900.00 6.05 
1959.00 6.05 
1959.00 4.95 
1965.01 4.95 
1965.01 4.55 
1970.01 4.55 
1970.01 3.95 
1977.01 3.95 
1977.01 3.45 
1977.01 3.45 
1977.01 3.05 
2011.01 3.05 
>  
#  72 14   
1880.00 6.45 
1900.00 6.45 
1900.00 6.05 
1959.00 6.05 
1959.00 4.95 
1965.01 4.95 
1965.01 4.55 
1972.00 4.55 
1972.00 4.25 
1977.01 4.25 
1977.01 3.45 
1977.01 3.45 
1977.01 3.05 
2011.01 3.05 
>  
#  74 14   
1880.00 6.45 
1905.00 6.45 
1905.00 6.05 
1955.00 6.05 
1955.00 4.95 
1960.00 4.95 
1960.00 4.55 
1968.00 4.55 
1968.00 3.95 
1977.01 3.95 
1977.01 3.45 
1977.01 3.45 
1977.01 3.05 
2011.01 3.05 
>  
#  0 2   
1880.00 2.45 
2011.01 2.45 
>  
#  0 2   
1880.00 2.45 
2011.01 2.45 
>  
#  0 2   
1880.00 2.45 
2011.01 2.45 





< -Wthick,chartreuse1 WA   
<  
#  30577 2   
1977.01 3.05 
2011.01 3.05 
<  
#  70 14   
1880.00 6.45 
1905.00 6.45 
1905.00 6.05 
1958.00 6.05 
1958.00 4.95 
1960.00 4.95 
1960.00 4.55 
1970.01 4.55 
1970.01 3.95 
1977.01 3.95 
1977.01 3.45 
1977.01 3.45 
1977.01 3.05 
2011.01 3.05 
<  
#  7 14   
1880.00 6.45 
1900.00 6.45 
1900.00 6.05 
1950.00 6.05 
1950.00 4.95 
1952.00 4.95 
1952.00 4.55 
1970.01 4.55 
1970.01 3.95 
1977.01 3.95 
1977.01 3.45 
1977.01 3.45 
1977.01 3.05 
2011.01 3.05 
<  
#  70 14   
1880.00 6.45 
1905.00 6.45 
1905.00 6.05 
1958.00 6.05 
1958.00 4.95 
1960.00 4.95 
1960.00 4.55 
1970.01 4.55 
1970.01 3.95 
1977.01 3.95 
1977.01 3.45 
1977.01 3.45 
1977.01 3.05 
2011.01 3.05 
<  
#  71 14   
1880.00 6.45 
1900.00 6.45 
1900.00 6.05 
1959.00 6.05 
1959.00 4.95 
1965.01 4.95 
1965.01 4.55 
1970.01 4.55 
1970.01 3.95 
1977.01 3.95 
1977.01 3.45 
1977.01 3.45 
1977.01 3.05 
2011.01 3.05 
<  
#  72 14   
1880.00 6.45 
1900.00 6.45 
1900.00 6.05 
1959.00 6.05 
1959.00 4.95 
1965.01 4.95 
1965.01 4.55 
1972.00 4.55 
1972.00 4.25 
1977.01 4.25 
1977.01 3.45 
1977.01 3.45 
1977.01 3.05 
2011.01 3.05 
<  
#  0 2   
1880.00 2.45 
2011.01 2.45 
<  
#  0 2   
1880.00 2.45 
2011.01 2.45 
<  
#  0 2   
1880.00 2.45 
2011.01 2.45 
<  
#  0 2   
1880.00 2.45 
2011.01 2.45 
