> -Wthin,chartreuse1,. SWA  
>  
#  29560 2   
1960.00 8.95 
1960.00 2.95 
2011.01 2.95 
>  
#  301 14   
1880.00 6.45 
1900.00 6.45 
1900.00 5.65 
1950.00 5.65 
1950.00 5.05 
1950.00 5.05 
1950.00 4.55 
1957.01 4.55 
1957.01 4.05 
1960.00 4.05 
1960.00 3.45 
1960.00 3.45 
1960.00 2.95 
2011.01 2.95 
>  
#  210 14   
1880.00 6.45 
1900.00 6.45 
1900.00 6.05 
1950.00 6.05 
1950.00 5.05 
1950.00 5.05 
1950.00 4.65 
1966.01 4.65 
1966.01 4.05 
1966.01 4.05 
1966.01 3.45 
1966.01 3.45 
1966.01 2.95 
2011.01 2.95 
>  
#  211 14   
1880.00 6.45 
1885.01 6.45 
1885.01 5.85 
1949.01 5.85 
1949.01 5.05 
1949.01 5.05 
1949.01 4.55 
1966.01 4.55 
1966.01 4.05 
1966.01 4.05 
1966.01 3.45 
1966.01 3.45 
1966.01 2.95 
2011.01 2.95 
>  
#  212 14   
1880.00 6.45 
1885.01 6.45 
1885.01 5.65 
1945.01 5.65 
1945.01 5.05 
1945.01 5.05 
1945.01 4.55 
1957.01 4.55 
1957.01 4.05 
1966.01 4.05 
1966.01 3.45 
1966.01 3.45 
1966.01 2.95 
2011.01 2.95 
>  
#  213 14   
1880.00 6.45 
1885.01 6.45 
1885.01 5.45 
1945.01 5.45 
1945.01 5.05 
1945.01 5.05 
1945.01 4.55 
1957.01 4.55 
1957.01 4.05 
1960.00 4.05 
1960.00 3.45 
1966.01 3.45 
1966.01 2.95 
2011.01 2.95 
>  
#  300 14   
1880.00 6.45 
1910.00 6.45 
1910.00 5.65 
1950.00 5.65 
1950.00 5.05 
1955.00 5.05 
1955.00 4.65 
1960.00 4.65 
1960.00 4.05 
1960.00 4.05 
1960.00 3.45 
1960.00 3.45 
1960.00 2.95 
2011.01 2.95 
>  
#  301 14   
1880.00 6.45 
1900.00 6.45 
1900.00 5.65 
1950.00 5.65 
1950.00 5.05 
1950.00 5.05 
1950.00 4.55 
1957.01 4.55 
1957.01 4.05 
1960.00 4.05 
1960.00 3.45 
1960.00 3.45 
1960.00 2.95 
2011.01 2.95 
>  
#  302 14   
1880.00 6.45 
1900.00 6.45 
1900.00 5.65 
1950.00 5.65 
1950.00 5.05 
1950.00 5.05 
1950.00 4.45 
1957.01 4.45 
1957.01 4.05 
1960.00 4.05 
1960.00 3.45 
1960.00 3.45 
1960.00 2.95 
2011.01 2.95 
>  
#  303 14   
1880.00 6.45 
1890.01 6.45 
1890.01 5.65 
1945.01 5.65 
1945.01 5.05 
1945.01 5.05 
1945.01 4.55 
1955.00 4.55 
1955.00 4.05 
1960.00 4.05 
1960.00 3.45 
1960.00 3.45 
1960.00 2.95 
2011.01 2.95 
