NGA-East_Model_13 NGA-East USGS GMM as published in PEER Report No. 2017/03, distance is Rrup. Log10 hazard values in cgs units. Uses NRCan simplified, magnitude-independent sigma
          11 34 25 : nmag, ndist, nperiod
          10.000 7.519 5.000 4.000 3.003 2.000 1.499 1.000 0.750 0.500 0.400 0.300 0.250 0.200 0.150 0.100 0.075 0.050 0.040 0.030 0.025 0.020 0.010 PGA PGV
          0.62 0.62 0.62 0.62 0.62 0.62 0.62 0.62 0.60 0.58 0.56 0.54 0.53 0.53 0.53 0.53 0.53 0.53 0.53 0.53 0.53 0.53 0.53 0.53 0.62
4.000 0.000 -1.134 -0.821 -0.419 -0.188 0.106 0.520 0.802 1.202 1.481 1.847 2.037 2.237 2.367 2.502 2.642 2.821 2.911 3.047 3.079 3.089 3.075 3.039 2.853 2.821 3.860
4.000 1.000 -1.243 -0.929 -0.531 -0.300 -0.008 0.406 0.687 1.088 1.367 1.735 1.924 2.123 2.253 2.390 2.538 2.715 2.810 2.948 2.981 2.992 2.983 2.943 2.759 2.728 3.746
4.000 5.000 -1.736 -1.426 -1.028 -0.799 -0.529 -0.108 0.166 0.579 0.860 1.244 1.432 1.644 1.775 1.919 2.092 2.279 2.390 2.522 2.554 2.558 2.543 2.501 2.319 2.291 3.198
4.000 10.000 -2.083 -1.775 -1.375 -1.148 -0.890 -0.467 -0.197 0.220 0.501 0.891 1.075 1.293 1.420 1.563 1.740 1.927 2.035 2.164 2.193 2.191 2.171 2.128 1.949 1.921 2.825
4.000 15.000 -2.320 -2.013 -1.610 -1.385 -1.131 -0.708 -0.440 -0.022 0.258 0.649 0.830 1.051 1.174 1.313 1.487 1.670 1.773 1.894 1.919 1.911 1.887 1.842 1.664 1.638 2.554
4.000 20.000 -2.499 -2.192 -1.789 -1.564 -1.313 -0.891 -0.623 -0.205 0.074 0.464 0.644 0.866 0.987 1.124 1.294 1.474 1.572 1.687 1.708 1.696 1.669 1.623 1.445 1.419 2.346
4.000 25.000 -2.645 -2.339 -1.934 -1.710 -1.462 -1.041 -0.773 -0.355 -0.077 0.314 0.492 0.715 0.835 0.969 1.137 1.314 1.409 1.519 1.536 1.521 1.491 1.444 1.264 1.239 2.175
4.000 30.000 -2.762 -2.456 -2.051 -1.827 -1.581 -1.160 -0.893 -0.475 -0.198 0.193 0.370 0.594 0.712 0.844 1.010 1.185 1.276 1.382 1.397 1.379 1.348 1.300 1.121 1.095 2.042
4.000 40.000 -2.944 -2.640 -2.233 -2.010 -1.767 -1.348 -1.081 -0.664 -0.387 0.003 0.178 0.402 0.518 0.647 0.809 0.980 1.064 1.164 1.176 1.154 1.120 1.072 0.894 0.869 1.835
4.000 50.000 -3.084 -2.780 -2.372 -2.150 -1.909 -1.491 -1.225 -0.808 -0.533 -0.144 0.029 0.254 0.367 0.494 0.652 0.818 0.897 0.991 0.999 0.973 0.937 0.889 0.711 0.686 1.676
4.000 60.000 -3.165 -2.862 -2.454 -2.233 -1.990 -1.575 -1.308 -0.893 -0.619 -0.232 -0.059 0.165 0.277 0.402 0.555 0.717 0.791 0.881 0.886 0.858 0.819 0.772 0.595 0.569 1.576
4.000 70.000 -3.217 -2.915 -2.508 -2.287 -2.046 -1.631 -1.365 -0.950 -0.677 -0.291 -0.120 0.103 0.214 0.337 0.487 0.645 0.717 0.797 0.799 0.770 0.729 0.679 0.501 0.476 1.498
4.000 80.000 -3.256 -2.955 -2.548 -2.327 -2.087 -1.672 -1.407 -0.994 -0.721 -0.337 -0.166 0.055 0.165 0.287 0.435 0.588 0.657 0.731 0.730 0.698 0.657 0.603 0.423 0.399 1.437
4.000 90.000 -3.286 -2.985 -2.579 -2.359 -2.120 -1.705 -1.441 -1.028 -0.756 -0.374 -0.204 0.015 0.124 0.245 0.390 0.538 0.605 0.672 0.669 0.634 0.592 0.536 0.356 0.332 1.387
4.000 100.000 -3.313 -3.013 -2.608 -2.388 -2.149 -1.735 -1.472 -1.060 -0.789 -0.407 -0.238 -0.021 0.087 0.206 0.348 0.492 0.556 0.617 0.611 0.575 0.532 0.474 0.293 0.270 1.341
4.000 110.000 -3.338 -3.039 -2.633 -2.414 -2.176 -1.763 -1.500 -1.089 -0.818 -0.439 -0.270 -0.055 0.052 0.169 0.309 0.448 0.509 0.565 0.556 0.518 0.475 0.415 0.235 0.212 1.299
4.000 120.000 -3.362 -3.063 -2.658 -2.439 -2.201 -1.789 -1.526 -1.117 -0.847 -0.468 -0.301 -0.088 0.018 0.134 0.271 0.406 0.464 0.514 0.503 0.463 0.420 0.359 0.180 0.157 1.259
4.000 130.000 -3.387 -3.088 -2.684 -2.465 -2.228 -1.816 -1.554 -1.145 -0.876 -0.499 -0.333 -0.121 -0.016 0.097 0.231 0.361 0.416 0.461 0.448 0.406 0.362 0.300 0.122 0.100 1.217
4.000 140.000 -3.412 -3.114 -2.709 -2.491 -2.254 -1.843 -1.581 -1.174 -0.905 -0.530 -0.364 -0.154 -0.050 0.061 0.192 0.318 0.368 0.409 0.393 0.350 0.305 0.243 0.066 0.044 1.176
4.000 150.000 -3.437 -3.140 -2.736 -2.518 -2.281 -1.871 -1.609 -1.203 -0.935 -0.562 -0.397 -0.189 -0.086 0.024 0.152 0.273 0.320 0.355 0.338 0.294 0.249 0.186 0.011 -0.011 1.136
4.000 175.000 -3.500 -3.203 -2.801 -2.583 -2.347 -1.938 -1.678 -1.274 -1.008 -0.639 -0.476 -0.272 -0.172 -0.066 0.054 0.164 0.204 0.228 0.206 0.159 0.113 0.050 -0.120 -0.141 1.039
4.000 200.000 -3.556 -3.260 -2.858 -2.642 -2.407 -1.999 -1.740 -1.338 -1.075 -0.708 -0.548 -0.347 -0.251 -0.149 -0.035 0.064 0.096 0.110 0.084 0.034 -0.013 -0.075 -0.240 -0.261 0.951
4.000 250.000 -3.654 -3.361 -2.961 -2.746 -2.514 -2.109 -1.854 -1.455 -1.195 -0.835 -0.681 -0.488 -0.398 -0.305 -0.205 -0.127 -0.110 -0.114 -0.145 -0.197 -0.243 -0.303 -0.452 -0.471 0.790
4.000 300.000 -3.738 -3.446 -3.049 -2.835 -2.607 -2.204 -1.951 -1.556 -1.300 -0.946 -0.798 -0.613 -0.529 -0.445 -0.357 -0.299 -0.296 -0.314 -0.349 -0.401 -0.446 -0.502 -0.636 -0.653 0.650
4.000 350.000 -3.811 -3.520 -3.125 -2.912 -2.687 -2.286 -2.037 -1.645 -1.393 -1.045 -0.903 -0.726 -0.649 -0.574 -0.499 -0.460 -0.470 -0.499 -0.537 -0.590 -0.632 -0.684 -0.803 -0.819 0.525
4.000 400.000 -3.876 -3.587 -3.193 -2.981 -2.760 -2.360 -2.114 -1.726 -1.478 -1.136 -1.001 -0.831 -0.761 -0.696 -0.632 -0.613 -0.634 -0.673 -0.712 -0.765 -0.804 -0.852 -0.957 -0.972 0.406
4.000 450.000 -3.936 -3.648 -3.257 -3.047 -2.831 -2.432 -2.190 -1.805 -1.561 -1.224 -1.096 -0.935 -0.873 -0.817 -0.764 -0.763 -0.797 -0.841 -0.881 -0.933 -0.968 -1.010 -1.101 -1.115 0.294
4.000 500.000 -3.992 -3.704 -3.317 -3.108 -2.897 -2.498 -2.261 -1.878 -1.638 -1.308 -1.186 -1.034 -0.980 -0.933 -0.891 -0.907 -0.953 -1.000 -1.040 -1.089 -1.121 -1.158 -1.235 -1.248 0.190
4.000 600.000 -4.084 -3.798 -3.415 -3.208 -3.006 -2.610 -2.382 -2.008 -1.779 -1.467 -1.365 -1.234 -1.201 -1.177 -1.161 -1.215 -1.282 -1.321 -1.353 -1.391 -1.409 -1.430 -1.473 -1.483 -0.001
4.000 700.000 -4.176 -3.891 -3.511 -3.306 -3.111 -2.716 -2.496 -2.129 -1.910 -1.612 -1.524 -1.410 -1.392 -1.386 -1.390 -1.471 -1.553 -1.592 -1.621 -1.655 -1.667 -1.680 -1.706 -1.715 -0.172
4.000 800.000 -4.260 -3.975 -3.598 -3.393 -3.204 -2.813 -2.600 -2.241 -2.032 -1.751 -1.679 -1.584 -1.582 -1.594 -1.617 -1.722 -1.820 -1.852 -1.877 -1.907 -1.913 -1.913 -1.921 -1.931 -0.330
4.000 1000.000 -4.435 -4.149 -3.774 -3.571 -3.390 -3.003 -2.801 -2.459 -2.269 -2.018 -1.973 -1.910 -1.935 -1.977 -2.031 -2.172 -2.293 -2.310 -2.327 -2.354 -2.354 -2.333 -2.319 -2.330 -0.610
4.000 1200.000 -4.581 -4.292 -3.918 -3.716 -3.542 -3.162 -2.974 -2.651 -2.482 -2.269 -2.254 -2.226 -2.279 -2.352 -2.436 -2.610 -2.749 -2.750 -2.759 -2.785 -2.777 -2.739 -2.704 -2.716 -0.876
4.000 1500.000 -4.805 -4.509 -4.132 -3.929 -3.765 -3.393 -3.224 -2.931 -2.794 -2.636 -2.663 -2.685 -2.777 -2.892 -3.017 -3.231 -3.397 -3.377 -3.381 -3.412 -3.398 -3.338 -3.279 -3.293 -1.257
4.500 0.000 -0.697 -0.385 0.018 0.250 0.541 0.958 1.237 1.628 1.894 2.222 2.384 2.544 2.648 2.757 2.873 3.021 3.098 3.204 3.222 3.220 3.196 3.154 2.974 2.944 4.116
4.500 1.000 -0.774 -0.463 -0.063 0.169 0.459 0.877 1.155 1.545 1.812 2.139 2.302 2.459 2.565 2.675 2.795 2.942 3.023 3.129 3.148 3.146 3.128 3.080 2.899 2.870 4.034
4.500 5.000 -1.174 -0.865 -0.467 -0.237 0.039 0.461 0.734 1.132 1.400 1.737 1.898 2.064 2.169 2.284 2.422 2.577 2.670 2.780 2.802 2.798 2.779 2.731 2.553 2.526 3.582
4.500 10.000 -1.500 -1.193 -0.793 -0.565 -0.301 0.123 0.393 0.794 1.062 1.405 1.562 1.733 1.835 1.947 2.090 2.245 2.335 2.442 2.460 2.452 2.429 2.380 2.206 2.180 3.223
4.500 15.000 -1.726 -1.420 -1.018 -0.792 -0.531 -0.108 0.160 0.562 0.829 1.172 1.327 1.500 1.599 1.709 1.848 1.999 2.085 2.185 2.199 2.187 2.161 2.110 1.937 1.912 2.964
4.500 20.000 -1.897 -1.592 -1.188 -0.963 -0.705 -0.283 -0.015 0.387 0.652 0.996 1.149 1.324 1.420 1.527 1.664 1.811 1.893 1.986 1.998 1.981 1.953 1.901 1.729 1.705 2.769
4.500 25.000 -2.035 -1.730 -1.326 -1.101 -0.847 -0.425 -0.158 0.244 0.509 0.853 1.004 1.180 1.274 1.379 1.513 1.658 1.736 1.824 1.832 1.813 1.783 1.729 1.559 1.536 2.608
4.500 30.000 -2.146 -1.843 -1.438 -1.213 -0.961 -0.541 -0.274 0.129 0.392 0.736 0.886 1.062 1.155 1.258 1.391 1.532 1.607 1.691 1.698 1.676 1.644 1.591 1.421 1.398 2.480
4.500 40.000 -2.320 -2.017 -1.611 -1.388 -1.139 -0.720 -0.454 -0.052 0.210 0.554 0.702 0.878 0.969 1.069 1.197 1.334 1.403 1.481 1.483 1.458 1.424 1.371 1.203 1.180 2.284
4.500 50.000 -2.454 -2.152 -1.745 -1.523 -1.277 -0.859 -0.594 -0.192 0.069 0.412 0.558 0.735 0.823 0.920 1.045 1.177 1.241 1.313 1.313 1.284 1.248 1.194 1.029 1.006 2.133
4.500 60.000 -2.531 -2.230 -1.823 -1.601 -1.354 -0.938 -0.673 -0.273 -0.013 0.328 0.473 0.649 0.736 0.832 0.951 1.081 1.140 1.207 1.204 1.173 1.135 1.082 0.917 0.894 2.040
4.500 70.000 -2.581 -2.281 -1.875 -1.654 -1.409 -0.993 -0.729 -0.330 -0.071 0.269 0.413 0.588 0.674 0.768 0.885 1.009 1.067 1.125 1.119 1.088 1.048 0.992 0.826 0.804 1.966
4.500 80.000 -2.616 -2.316 -1.911 -1.690 -1.447 -1.031 -0.768 -0.370 -0.112 0.227 0.370 0.543 0.628 0.720 0.834 0.954 1.009 1.061 1.052 1.018 0.979 0.919 0.753 0.732 1.908
4.500 90.000 -2.644 -2.345 -1.941 -1.720 -1.477 -1.063 -0.800 -0.403 -0.146 0.191 0.333 0.504 0.588 0.679 0.791 0.906 0.958 1.004 0.993 0.957 0.917 0.855 0.689 0.668 1.862
4.500 100.000 -2.669 -2.371 -1.967 -1.747 -1.505 -1.091 -0.829 -0.433 -0.177 0.159 0.300 0.469 0.552 0.641 0.750 0.860 0.910 0.950 0.937 0.899 0.859 0.796 0.629 0.609 1.819
4.500 110.000 -2.692 -2.395 -1.991 -1.772 -1.530 -1.117 -0.856 -0.461 -0.205 0.128 0.269 0.436 0.518 0.605 0.712 0.817 0.864 0.899 0.884 0.845 0.804 0.740 0.574 0.554 1.780
4.500 120.000 -2.713 -2.416 -2.014 -1.795 -1.553 -1.141 -0.881 -0.487 -0.232 0.100 0.240 0.405 0.486 0.572 0.676 0.776 0.821 0.850 0.833 0.793 0.752 0.687 0.523 0.503 1.743
4.500 130.000 -2.736 -2.440 -2.038 -1.819 -1.578 -1.167 -0.907 -0.514 -0.260 0.070 0.209 0.373 0.452 0.536 0.637 0.733 0.774 0.799 0.780 0.738 0.697 0.631 0.468 0.449 1.705
4.500 140.000 -2.759 -2.464 -2.062 -1.843 -1.603 -1.192 -0.933 -0.541 -0.288 0.041 0.178 0.341 0.419 0.501 0.599 0.690 0.728 0.748 0.727 0.684 0.643 0.576 0.415 0.396 1.667
4.500 150.000 -2.783 -2.488 -2.087 -1.869 -1.628 -1.219 -0.960 -0.570 -0.317 0.010 0.147 0.307 0.385 0.465 0.559 0.646 0.681 0.696 0.674 0.630 0.588 0.522 0.363 0.344 1.630
4.500 175.000 -2.841 -2.547 -2.147 -1.930 -1.691 -1.283 -1.025 -0.638 -0.387 -0.064 0.070 0.227 0.301 0.377 0.464 0.541 0.567 0.572 0.546 0.500 0.458 0.392 0.239 0.220 1.541
4.500 200.000 -2.893 -2.600 -2.201 -1.985 -1.747 -1.341 -1.084 -0.699 -0.451 -0.131 0.001 0.153 0.225 0.296 0.377 0.443 0.462 0.458 0.428 0.381 0.338 0.273 0.125 0.108 1.459
4.500 250.000 -2.983 -2.692 -2.296 -2.082 -1.848 -1.445 -1.192 -0.811 -0.567 -0.254 -0.128 0.017 0.081 0.143 0.211 0.255 0.261 0.241 0.207 0.159 0.119 0.057 -0.074 -0.090 1.308
4.500 300.000 -3.059 -2.771 -2.377 -2.164 -1.934 -1.533 -1.284 -0.907 -0.667 -0.361 -0.241 -0.105 -0.047 0.006 0.061 0.086 0.079 0.047 0.011 -0.037 -0.075 -0.131 -0.248 -0.263 1.177
4.500 350.000 -3.126 -2.839 -2.448 -2.237 -2.010 -1.612 -1.366 -0.993 -0.757 -0.457 -0.344 -0.215 -0.165 -0.120 -0.078 -0.072 -0.090 -0.131 -0.169 -0.216 -0.251 -0.303 -0.405 -0.419 1.060
4.500 400.000 -3.186 -2.901 -2.512 -2.301 -2.079 -1.682 -1.440 -1.071 -0.839 -0.546 -0.439 -0.318 -0.275 -0.239 -0.208 -0.219 -0.248 -0.296 -0.335 -0.380 -0.412 -0.459 -0.548 -0.560 0.953
4.500 450.000 -3.242 -2.958 -2.572 -2.364 -2.147 -1.751 -1.514 -1.147 -0.920 -0.632 -0.532 -0.420 -0.384 -0.358 -0.337 -0.366 -0.406 -0.457 -0.495 -0.539 -0.567 -0.608 -0.683 -0.695 0.848
4.500 500.000 -3.294 -3.010 -2.629 -2.421 -2.210 -1.814 -1.582 -1.218 -0.995 -0.713 -0.621 -0.517 -0.489 -0.471 -0.461 -0.506 -0.556 -0.608 -0.646 -0.687 -0.711 -0.747 -0.809 -0.821 0.750
4.500 600.000 -3.380 -3.098 -2.722 -2.517 -2.315 -1.922 -1.700 -1.345 -1.133 -0.869 -0.795 -0.712 -0.703 -0.707 -0.721 -0.799 -0.868 -0.910 -0.939 -0.969 -0.980 -1.001 -1.034 -1.042 0.573
4.500 700.000 -3.464 -3.184 -2.812 -2.609 -2.414 -2.025 -1.810 -1.464 -1.262 -1.013 -0.953 -0.888 -0.894 -0.916 -0.948 -1.050 -1.134 -1.171 -1.196 -1.221 -1.226 -1.236 -1.251 -1.260 0.414
4.500 800.000 -3.545 -3.266 -2.897 -2.695 -2.507 -2.120 -1.913 -1.575 -1.382 -1.148 -1.103 -1.054 -1.074 -1.112 -1.161 -1.283 -1.380 -1.409 -1.429 -1.451 -1.452 -1.451 -1.452 -1.462 0.267
4.500 1000.000 -3.709 -3.429 -3.064 -2.864 -2.686 -2.304 -2.110 -1.789 -1.615 -1.411 -1.392 -1.374 -1.420 -1.486 -1.563 -1.716 -1.834 -1.842 -1.855 -1.874 -1.867 -1.846 -1.826 -1.837 0.005
4.500 1200.000 -3.846 -3.565 -3.201 -3.003 -2.833 -2.459 -2.279 -1.978 -1.825 -1.658 -1.667 -1.683 -1.755 -1.849 -1.955 -2.135 -2.270 -2.261 -2.266 -2.285 -2.272 -2.234 -2.195 -2.207 -0.243
4.500 1500.000 -4.055 -3.769 -3.404 -3.207 -3.048 -2.685 -2.525 -2.255 -2.135 -2.021 -2.073 -2.134 -2.244 -2.377 -2.518 -2.733 -2.892 -2.859 -2.858 -2.882 -2.864 -2.803 -2.741 -2.756 -0.598
5.000 0.000 -0.256 0.047 0.440 0.665 0.948 1.353 1.618 1.978 2.218 2.495 2.629 2.754 2.842 2.933 3.035 3.166 3.235 3.319 3.329 3.321 3.291 3.245 3.074 3.045 4.333
5.000 1.000 -0.312 -0.009 0.380 0.606 0.888 1.293 1.557 1.917 2.157 2.433 2.568 2.690 2.778 2.871 2.975 3.103 3.174 3.258 3.268 3.259 3.234 3.182 3.009 2.980 4.274
5.000 5.000 -0.620 -0.319 0.068 0.292 0.566 0.974 1.235 1.599 1.840 2.122 2.255 2.382 2.471 2.567 2.685 2.819 2.899 2.990 3.003 2.994 2.973 2.918 2.745 2.719 3.924
5.000 10.000 -0.915 -0.616 -0.228 -0.005 0.259 0.669 0.926 1.293 1.534 1.821 1.951 2.082 2.168 2.262 2.383 2.517 2.596 2.684 2.695 2.683 2.660 2.604 2.435 2.410 3.593
5.000 15.000 -1.128 -0.829 -0.440 -0.218 0.042 0.450 0.707 1.075 1.314 1.602 1.730 1.863 1.946 2.038 2.156 2.287 2.362 2.444 2.452 2.436 2.411 2.353 2.187 2.163 3.350
5.000 20.000 -1.287 -0.989 -0.599 -0.378 -0.121 0.287 0.542 0.910 1.148 1.436 1.562 1.696 1.777 1.866 1.982 2.109 2.180 2.256 2.260 2.242 2.215 2.157 1.993 1.970 3.167
5.000 25.000 -1.416 -1.120 -0.728 -0.508 -0.254 0.153 0.407 0.775 1.013 1.301 1.425 1.560 1.639 1.725 1.839 1.962 2.030 2.099 2.101 2.080 2.051 1.992 1.830 1.808 3.015
5.000 30.000 -1.522 -1.226 -0.834 -0.615 -0.363 0.043 0.297 0.665 0.902 1.189 1.312 1.448 1.525 1.610 1.721 1.841 1.906 1.971 1.971 1.947 1.917 1.858 1.698 1.676 2.893
5.000 40.000 -1.687 -1.392 -0.999 -0.781 -0.533 -0.129 0.124 0.492 0.727 1.015 1.135 1.271 1.346 1.427 1.535 1.649 1.709 1.767 1.764 1.737 1.705 1.646 1.489 1.467 2.707
5.000 50.000 -1.815 -1.522 -1.128 -0.911 -0.666 -0.263 -0.011 0.356 0.590 0.877 0.996 1.132 1.204 1.284 1.387 1.498 1.552 1.606 1.599 1.571 1.537 1.478 1.322 1.301 2.563
5.000 60.000 -1.890 -1.597 -1.203 -0.987 -0.742 -0.340 -0.088 0.278 0.511 0.796 0.914 1.049 1.120 1.198 1.297 1.404 1.454 1.503 1.494 1.463 1.428 1.369 1.214 1.193 2.475
5.000 70.000 -1.938 -1.647 -1.254 -1.038 -0.795 -0.394 -0.143 0.222 0.454 0.739 0.855 0.990 1.060 1.136 1.232 1.335 1.384 1.424 1.412 1.380 1.344 1.282 1.126 1.106 2.405
5.000 80.000 -1.970 -1.679 -1.287 -1.072 -0.830 -0.429 -0.179 0.185 0.416 0.699 0.814 0.947 1.015 1.090 1.184 1.281 1.328 1.361 1.347 1.314 1.277 1.212 1.057 1.037 2.350
5.000 90.000 -1.996 -1.706 -1.315 -1.100 -0.859 -0.459 -0.210 0.153 0.383 0.665 0.779 0.910 0.978 1.050 1.142 1.234 1.278 1.306 1.290 1.254 1.218 1.151 0.995 0.976 2.306
5.000 100.000 -2.020 -1.730 -1.340 -1.125 -0.885 -0.486 -0.238 0.124 0.353 0.633 0.747 0.876 0.942 1.013 1.102 1.190 1.232 1.254 1.236 1.199 1.162 1.094 0.939 0.920 2.266
5.000 110.000 -2.041 -1.752 -1.363 -1.148 -0.909 -0.511 -0.263 0.097 0.326 0.604 0.717 0.844 0.910 0.979 1.065 1.148 1.187 1.204 1.184 1.147 1.110 1.040 0.886 0.868 2.229
5.000 120.000 -2.060 -1.772 -1.383 -1.169 -0.931 -0.533 -0.287 0.073 0.301 0.578 0.690 0.815 0.879 0.947 1.031 1.109 1.146 1.158 1.136 1.098 1.061 0.990 0.837 0.819 2.196
5.000 130.000 -2.082 -1.794 -1.406 -1.192 -0.954 -0.558 -0.311 0.047 0.274 0.549 0.660 0.784 0.847 0.913 0.993 1.067 1.100 1.108 1.085 1.045 1.007 0.937 0.785 0.767 2.160
5.000 140.000 -2.103 -1.816 -1.428 -1.215 -0.977 -0.582 -0.336 0.021 0.247 0.520 0.630 0.752 0.814 0.878 0.956 1.025 1.055 1.059 1.034 0.993 0.955 0.884 0.735 0.718 2.126
5.000 150.000 -2.126 -1.839 -1.452 -1.239 -1.002 -0.607 -0.362 -0.006 0.219 0.491 0.600 0.720 0.781 0.843 0.917 0.982 1.009 1.009 0.982 0.941 0.903 0.832 0.685 0.668 2.091
5.000 175.000 -2.179 -1.894 -1.508 -1.297 -1.060 -0.668 -0.424 -0.071 0.152 0.420 0.526 0.643 0.700 0.758 0.825 0.879 0.899 0.888 0.859 0.816 0.778 0.709 0.568 0.551 2.009
5.000 200.000 -2.227 -1.943 -1.558 -1.347 -1.112 -0.722 -0.480 -0.129 0.092 0.356 0.459 0.571 0.626 0.679 0.739 0.782 0.795 0.776 0.744 0.700 0.663 0.595 0.461 0.446 1.933
5.000 250.000 -2.310 -2.029 -1.648 -1.439 -1.208 -0.821 -0.583 -0.236 -0.020 0.238 0.335 0.439 0.486 0.530 0.577 0.599 0.599 0.567 0.531 0.488 0.453 0.389 0.271 0.257 1.792
5.000 300.000 -2.380 -2.101 -1.723 -1.516 -1.290 -0.905 -0.671 -0.328 -0.116 0.135 0.226 0.321 0.361 0.396 0.431 0.434 0.422 0.379 0.342 0.300 0.269 0.209 0.106 0.093 1.669
5.000 350.000 -2.443 -2.166 -1.790 -1.585 -1.362 -0.980 -0.749 -0.411 -0.204 0.041 0.126 0.213 0.246 0.272 0.295 0.280 0.258 0.208 0.170 0.129 0.101 0.047 -0.043 -0.054 1.561
5.000 400.000 -2.500 -2.224 -1.850 -1.647 -1.428 -1.048 -0.821 -0.487 -0.284 -0.046 0.033 0.112 0.139 0.156 0.167 0.136 0.105 0.050 0.012 -0.026 -0.051 -0.100 -0.176 -0.186 1.465
5.000 450.000 -2.551 -2.277 -1.908 -1.706 -1.494 -1.114 -0.892 -0.561 -0.362 -0.130 -0.058 0.013 0.032 0.040 0.042 -0.005 -0.046 -0.103 -0.139 -0.175 -0.196 -0.239 -0.303 -0.313 1.367
5.000 500.000 -2.600 -2.327 -1.962 -1.761 -1.554 -1.175 -0.958 -0.631 -0.435 -0.209 -0.145 -0.082 -0.070 -0.070 -0.078 -0.140 -0.190 -0.246 -0.282 -0.315 -0.332 -0.370 -0.421 -0.432 1.276
5.000 600.000 -2.681 -2.410 -2.051 -1.852 -1.655 -1.279 -1.073 -0.755 -0.570 -0.362 -0.314 -0.273 -0.278 -0.300 -0.330 -0.421 -0.489 -0.532 -0.559 -0.581 -0.585 -0.609 -0.633 -0.641 1.111
5.000 700.000 -2.761 -2.492 -2.137 -1.941 -1.752 -1.379 -1.180 -0.870 -0.694 -0.499 -0.466 -0.440 -0.460 -0.498 -0.545 -0.657 -0.738 -0.774 -0.796 -0.814 -0.814 -0.826 -0.835 -0.844 0.963
5.000 800.000 -2.837 -2.569 -2.218 -2.024 -1.842 -1.472 -1.281 -0.979 -0.813 -0.633 -0.613 -0.603 -0.637 -0.690 -0.753 -0.882 -0.975 -1.000 -1.018 -1.033 -1.027 -1.029 -1.025 -1.034 0.826
5.000 1000.000 -2.993 -2.725 -2.378 -2.186 -2.014 -1.651 -1.473 -1.188 -1.040 -0.890 -0.896 -0.915 -0.972 -1.052 -1.140 -1.295 -1.406 -1.409 -1.419 -1.430 -1.418 -1.400 -1.376 -1.388 0.581
5.000 1200.000 -3.122 -2.854 -2.510 -2.320 -2.158 -1.802 -1.639 -1.373 -1.246 -1.130 -1.163 -1.213 -1.295 -1.400 -1.515 -1.695 -1.823 -1.808 -1.811 -1.824 -1.808 -1.772 -1.730 -1.744 0.352
5.000 1500.000 -3.320 -3.047 -2.704 -2.516 -2.366 -2.022 -1.880 -1.645 -1.550 -1.486 -1.559 -1.652 -1.769 -1.910 -2.057 -2.264 -2.415 -2.372 -2.368 -2.387 -2.365 -2.307 -2.245 -2.261 0.022
5.500 0.000 0.176 0.463 0.835 1.049 1.313 1.692 1.932 2.252 2.460 2.690 2.800 2.902 2.978 3.059 3.153 3.272 3.334 3.405 3.409 3.397 3.364 3.317 3.155 3.127 4.487
5.500 1.000 0.134 0.421 0.789 1.003 1.266 1.647 1.885 2.204 2.413 2.642 2.752 2.851 2.928 3.008 3.104 3.220 3.283 3.353 3.357 3.344 3.314 3.261 3.097 3.069 4.442
5.500 5.000 -0.087 0.199 0.564 0.778 1.039 1.420 1.657 1.977 2.186 2.417 2.528 2.627 2.706 2.789 2.892 3.011 3.080 3.155 3.160 3.148 3.124 3.065 2.898 2.871 4.200
5.500 10.000 -0.338 -0.053 0.312 0.524 0.778 1.161 1.395 1.717 1.926 2.160 2.268 2.370 2.447 2.529 2.635 2.753 2.822 2.895 2.899 2.886 2.863 2.801 2.638 2.612 3.917
5.500 15.000 -0.531 -0.247 0.119 0.330 0.581 0.962 1.196 1.518 1.726 1.961 2.067 2.171 2.245 2.325 2.429 2.544 2.610 2.678 2.679 2.664 2.638 2.577 2.416 2.391 3.696
5.500 20.000 -0.677 -0.394 -0.028 0.183 0.430 0.811 1.043 1.366 1.573 1.807 1.912 2.016 2.089 2.166 2.267 2.378 2.440 2.503 2.501 2.483 2.457 2.395 2.237 2.214 3.527
5.500 25.000 -0.797 -0.515 -0.148 0.061 0.305 0.685 0.917 1.240 1.446 1.681 1.783 1.888 1.958 2.033 2.132 2.238 2.297 2.353 2.350 2.329 2.301 2.239 2.084 2.062 3.384
5.500 30.000 -0.898 -0.617 -0.249 -0.040 0.201 0.581 0.811 1.134 1.339 1.574 1.675 1.781 1.849 1.923 2.019 2.123 2.179 2.231 2.225 2.203 2.174 2.111 1.959 1.936 3.269
5.500 40.000 -1.053 -0.773 -0.404 -0.197 0.040 0.419 0.648 0.971 1.174 1.409 1.508 1.614 1.679 1.749 1.842 1.940 1.991 2.036 2.027 2.003 1.973 1.909 1.760 1.739 3.092
5.500 50.000 -1.175 -0.896 -0.527 -0.321 -0.087 0.290 0.518 0.841 1.043 1.279 1.375 1.481 1.545 1.612 1.701 1.796 1.842 1.883 1.871 1.844 1.813 1.749 1.603 1.582 2.956
5.500 60.000 -1.246 -0.968 -0.600 -0.394 -0.161 0.215 0.443 0.764 0.966 1.200 1.295 1.401 1.464 1.529 1.615 1.706 1.748 1.784 1.770 1.741 1.709 1.645 1.499 1.477 2.873
5.500 70.000 -1.291 -1.014 -0.647 -0.442 -0.211 0.165 0.391 0.712 0.913 1.146 1.240 1.345 1.406 1.470 1.553 1.639 1.680 1.708 1.691 1.662 1.628 1.562 1.415 1.395 2.806
5.500 80.000 -1.320 -1.044 -0.678 -0.474 -0.244 0.131 0.356 0.676 0.876 1.108 1.201 1.304 1.364 1.426 1.507 1.588 1.627 1.648 1.629 1.598 1.565 1.495 1.349 1.330 2.755
5.500 90.000 -1.344 -1.069 -0.704 -0.500 -0.272 0.103 0.327 0.646 0.845 1.076 1.168 1.269 1.328 1.388 1.466 1.543 1.579 1.595 1.574 1.542 1.508 1.437 1.291 1.272 2.714
5.500 100.000 -1.366 -1.091 -0.727 -0.524 -0.297 0.077 0.301 0.619 0.817 1.046 1.137 1.237 1.294 1.353 1.429 1.500 1.534 1.545 1.522 1.489 1.455 1.382 1.237 1.218 2.676
5.500 110.000 -1.385 -1.111 -0.748 -0.545 -0.319 0.054 0.277 0.594 0.792 1.019 1.109 1.207 1.263 1.320 1.393 1.460 1.492 1.498 1.473 1.439 1.405 1.331 1.187 1.168 2.642
5.500 120.000 -1.403 -1.130 -0.768 -0.565 -0.340 0.033 0.255 0.571 0.767 0.994 1.083 1.179 1.234 1.290 1.360 1.422 1.451 1.453 1.427 1.391 1.357 1.283 1.140 1.122 2.611
5.500 130.000 -1.423 -1.150 -0.789 -0.587 -0.362 0.010 0.231 0.546 0.742 0.966 1.054 1.148 1.202 1.256 1.323 1.381 1.407 1.404 1.377 1.340 1.307 1.232 1.091 1.073 2.579
5.500 140.000 -1.443 -1.171 -0.810 -0.609 -0.384 -0.014 0.207 0.521 0.716 0.939 1.026 1.118 1.171 1.223 1.286 1.340 1.363 1.356 1.327 1.290 1.256 1.182 1.043 1.025 2.547
5.500 150.000 -1.464 -1.193 -0.832 -0.631 -0.408 -0.038 0.182 0.495 0.689 0.911 0.997 1.087 1.139 1.189 1.250 1.299 1.319 1.308 1.278 1.240 1.207 1.132 0.996 0.978 2.516
5.500 175.000 -1.514 -1.244 -0.886 -0.686 -0.464 -0.096 0.122 0.433 0.625 0.843 0.926 1.012 1.060 1.106 1.159 1.197 1.211 1.191 1.158 1.120 1.087 1.014 0.884 0.867 2.439
5.500 200.000 -1.558 -1.289 -0.933 -0.733 -0.513 -0.147 0.069 0.377 0.567 0.781 0.861 0.943 0.988 1.029 1.075 1.102 1.109 1.082 1.048 1.009 0.977 0.906 0.783 0.767 2.368
5.500 250.000 -1.636 -1.370 -1.017 -0.820 -0.605 -0.241 -0.029 0.274 0.460 0.667 0.741 0.814 0.852 0.883 0.917 0.923 0.918 0.878 0.842 0.804 0.775 0.708 0.601 0.587 2.234
5.500 300.000 -1.702 -1.439 -1.089 -0.893 -0.683 -0.322 -0.114 0.185 0.366 0.568 0.635 0.700 0.730 0.752 0.774 0.762 0.746 0.697 0.660 0.624 0.598 0.536 0.444 0.431 2.118
5.500 350.000 -1.762 -1.500 -1.153 -0.959 -0.752 -0.394 -0.190 0.105 0.282 0.476 0.537 0.594 0.618 0.631 0.641 0.612 0.586 0.532 0.495 0.461 0.439 0.383 0.304 0.292 2.020
5.500 400.000 -1.815 -1.555 -1.210 -1.018 -0.815 -0.459 -0.259 0.032 0.204 0.392 0.447 0.496 0.512 0.517 0.516 0.471 0.437 0.380 0.343 0.312 0.294 0.243 0.177 0.166 1.931
5.500 450.000 -1.864 -1.606 -1.265 -1.074 -0.877 -0.522 -0.327 -0.039 0.130 0.311 0.359 0.400 0.409 0.405 0.394 0.335 0.291 0.234 0.199 0.171 0.156 0.111 0.057 0.046 1.840
5.500 500.000 -1.911 -1.653 -1.315 -1.126 -0.933 -0.580 -0.389 -0.105 0.059 0.235 0.276 0.308 0.311 0.298 0.278 0.205 0.153 0.097 0.063 0.038 0.027 -0.012 -0.055 -0.065 1.755
5.500 600.000 -1.988 -1.733 -1.401 -1.214 -1.030 -0.681 -0.499 -0.225 -0.072 0.086 0.111 0.123 0.108 0.075 0.033 -0.065 -0.132 -0.174 -0.198 -0.211 -0.211 -0.236 -0.254 -0.263 1.603
5.500 700.000 -2.065 -1.812 -1.484 -1.300 -1.123 -0.777 -0.603 -0.337 -0.192 -0.048 -0.035 -0.038 -0.066 -0.114 -0.172 -0.287 -0.366 -0.398 -0.418 -0.427 -0.422 -0.436 -0.441 -0.450 1.466
5.500 800.000 -2.139 -1.887 -1.563 -1.380 -1.211 -0.868 -0.701 -0.443 -0.307 -0.178 -0.179 -0.197 -0.237 -0.300 -0.373 -0.503 -0.592 -0.613 -0.628 -0.633 -0.624 -0.628 -0.620 -0.630 1.340
5.500 1000.000 -2.287 -2.036 -1.716 -1.536 -1.377 -1.041 -0.888 -0.647 -0.528 -0.427 -0.452 -0.498 -0.560 -0.647 -0.743 -0.896 -1.002 -0.999 -1.007 -1.010 -0.996 -0.979 -0.953 -0.967 1.113
5.500 1200.000 -2.408 -2.156 -1.840 -1.663 -1.514 -1.186 -1.047 -0.826 -0.728 -0.661 -0.712 -0.787 -0.874 -0.985 -1.106 -1.278 -1.399 -1.375 -1.376 -1.381 -1.361 -1.328 -1.285 -1.301 0.901
5.500 1500.000 -2.595 -2.341 -2.026 -1.851 -1.716 -1.400 -1.283 -1.092 -1.025 -1.007 -1.096 -1.210 -1.328 -1.472 -1.621 -1.814 -1.954 -1.901 -1.895 -1.905 -1.882 -1.827 -1.766 -1.784 0.598
6.000 0.000 0.587 0.853 1.194 1.391 1.633 1.976 2.186 2.459 2.636 2.825 2.918 3.005 3.075 3.148 3.236 3.347 3.404 3.464 3.463 3.451 3.414 3.366 3.211 3.184 4.610
6.000 1.000 0.553 0.819 1.156 1.353 1.594 1.939 2.147 2.420 2.597 2.786 2.879 2.962 3.033 3.106 3.196 3.304 3.360 3.420 3.418 3.404 3.371 3.317 3.159 3.131 4.574
6.000 5.000 0.397 0.663 0.997 1.193 1.436 1.780 1.988 2.259 2.437 2.624 2.718 2.798 2.871 2.945 3.038 3.144 3.202 3.266 3.265 3.251 3.223 3.164 3.004 2.977 4.414
6.000 10.000 0.200 0.465 0.798 0.994 1.233 1.578 1.784 2.055 2.233 2.420 2.512 2.593 2.664 2.736 2.829 2.932 2.988 3.052 3.050 3.035 3.008 2.950 2.794 2.767 4.193
6.000 15.000 0.033 0.297 0.631 0.826 1.062 1.406 1.611 1.883 2.060 2.247 2.338 2.419 2.489 2.558 2.649 2.750 2.803 2.862 2.859 2.842 2.814 2.756 2.603 2.577 4.004
6.000 20.000 -0.100 0.163 0.498 0.692 0.925 1.268 1.473 1.745 1.920 2.108 2.197 2.280 2.347 2.415 2.503 2.601 2.650 2.705 2.699 2.680 2.651 2.593 2.443 2.418 3.855
6.000 25.000 -0.209 0.052 0.387 0.581 0.811 1.153 1.357 1.629 1.804 1.992 2.079 2.162 2.227 2.292 2.378 2.471 2.517 2.566 2.558 2.537 2.507 2.448 2.302 2.278 3.723
6.000 30.000 -0.304 -0.043 0.292 0.485 0.712 1.055 1.257 1.530 1.704 1.892 1.978 2.061 2.124 2.188 2.272 2.362 2.406 2.450 2.440 2.417 2.387 2.327 2.183 2.160 3.614
6.000 40.000 -0.452 -0.192 0.143 0.335 0.557 0.899 1.100 1.373 1.545 1.734 1.818 1.901 1.962 2.023 2.104 2.189 2.227 2.265 2.252 2.227 2.194 2.134 1.993 1.971 3.448
6.000 50.000 -0.569 -0.310 0.025 0.216 0.435 0.776 0.975 1.248 1.420 1.609 1.690 1.775 1.833 1.892 1.970 2.051 2.086 2.119 2.103 2.076 2.043 1.982 1.843 1.821 3.320
6.000 60.000 -0.636 -0.378 -0.043 0.147 0.364 0.704 0.903 1.175 1.346 1.535 1.615 1.699 1.757 1.814 1.889 1.966 1.998 2.026 2.008 1.980 1.945 1.884 1.746 1.724 3.241
6.000 70.000 -0.679 -0.422 -0.088 0.101 0.316 0.656 0.853 1.125 1.295 1.484 1.563 1.646 1.702 1.758 1.831 1.904 1.934 1.954 1.934 1.905 1.870 1.805 1.667 1.646 3.177
6.000 80.000 -0.706 -0.450 -0.118 0.071 0.284 0.623 0.820 1.091 1.261 1.448 1.526 1.607 1.663 1.717 1.787 1.856 1.884 1.899 1.876 1.845 1.810 1.743 1.605 1.584 3.129
6.000 90.000 -0.729 -0.473 -0.142 0.046 0.258 0.597 0.792 1.063 1.231 1.418 1.495 1.574 1.628 1.681 1.749 1.813 1.839 1.848 1.823 1.791 1.756 1.688 1.550 1.529 3.090
6.000 100.000 -0.748 -0.494 -0.164 0.024 0.235 0.573 0.768 1.037 1.205 1.391 1.467 1.544 1.597 1.648 1.714 1.773 1.796 1.801 1.775 1.742 1.706 1.637 1.500 1.480 3.055
6.000 110.000 -0.767 -0.513 -0.184 0.004 0.213 0.551 0.745 1.013 1.181 1.365 1.440 1.516 1.567 1.616 1.680 1.734 1.755 1.755 1.727 1.694 1.658 1.588 1.452 1.432 3.024
6.000 120.000 -0.783 -0.529 -0.201 -0.014 0.194 0.531 0.724 0.992 1.159 1.341 1.415 1.489 1.540 1.587 1.647 1.697 1.716 1.712 1.682 1.648 1.613 1.542 1.408 1.388 2.996
6.000 130.000 -0.802 -0.549 -0.222 -0.035 0.173 0.509 0.701 0.968 1.134 1.315 1.388 1.460 1.509 1.554 1.612 1.657 1.673 1.664 1.634 1.599 1.564 1.493 1.361 1.342 2.965
6.000 140.000 -0.822 -0.570 -0.243 -0.057 0.151 0.486 0.677 0.943 1.108 1.288 1.360 1.430 1.478 1.521 1.576 1.617 1.630 1.618 1.586 1.550 1.516 1.445 1.315 1.296 2.934
6.000 150.000 -0.841 -0.590 -0.264 -0.078 0.128 0.463 0.654 0.918 1.083 1.261 1.332 1.401 1.447 1.489 1.540 1.577 1.587 1.571 1.538 1.502 1.468 1.397 1.270 1.251 2.905
6.000 175.000 -0.888 -0.638 -0.314 -0.129 0.075 0.408 0.597 0.859 1.021 1.196 1.264 1.328 1.371 1.408 1.452 1.478 1.481 1.457 1.422 1.387 1.353 1.284 1.164 1.146 2.834
6.000 200.000 -0.930 -0.682 -0.359 -0.176 0.027 0.358 0.545 0.805 0.965 1.137 1.201 1.261 1.301 1.333 1.370 1.385 1.382 1.351 1.315 1.279 1.247 1.179 1.066 1.049 2.767
6.000 250.000 -1.005 -0.758 -0.440 -0.259 -0.061 0.268 0.450 0.707 0.862 1.027 1.085 1.137 1.169 1.191 1.216 1.210 1.196 1.154 1.115 1.081 1.053 0.989 0.892 0.877 2.644
6.000 300.000 -1.071 -0.827 -0.512 -0.332 -0.138 0.188 0.367 0.619 0.771 0.930 0.982 1.025 1.050 1.064 1.077 1.054 1.030 0.981 0.942 0.910 0.885 0.826 0.743 0.728 2.538
6.000 350.000 -1.126 -0.884 -0.571 -0.393 -0.204 0.120 0.295 0.543 0.690 0.842 0.888 0.923 0.941 0.945 0.946 0.906 0.873 0.820 0.782 0.753 0.732 0.679 0.610 0.597 2.446
6.000 400.000 -1.178 -0.937 -0.627 -0.450 -0.264 0.057 0.228 0.472 0.615 0.760 0.800 0.827 0.838 0.833 0.824 0.769 0.728 0.673 0.636 0.610 0.593 0.546 0.489 0.477 2.363
6.000 450.000 -1.226 -0.987 -0.680 -0.505 -0.323 -0.004 0.163 0.404 0.543 0.682 0.714 0.733 0.738 0.724 0.705 0.637 0.587 0.533 0.498 0.476 0.462 0.421 0.376 0.364 2.278
6.000 500.000 -1.273 -1.035 -0.730 -0.556 -0.379 -0.061 0.102 0.339 0.474 0.606 0.633 0.644 0.641 0.620 0.592 0.511 0.455 0.403 0.370 0.351 0.341 0.306 0.271 0.259 2.201
6.000 600.000 -1.347 -1.111 -0.812 -0.640 -0.471 -0.157 -0.003 0.224 0.349 0.464 0.474 0.466 0.447 0.406 0.357 0.255 0.185 0.149 0.126 0.118 0.119 0.097 0.084 0.074 2.061
6.000 700.000 -1.423 -1.190 -0.894 -0.724 -0.562 -0.252 -0.105 0.115 0.231 0.333 0.331 0.308 0.277 0.221 0.157 0.040 -0.040 -0.066 -0.085 -0.088 -0.083 -0.094 -0.094 -0.105 1.933
6.000 800.000 -1.491 -1.258 -0.966 -0.798 -0.643 -0.337 -0.197 0.014 0.121 0.208 0.193 0.155 0.111 0.042 -0.036 -0.166 -0.255 -0.268 -0.280 -0.280 -0.271 -0.271 -0.259 -0.271 1.818
6.000 1000.000 -1.630 -1.399 -1.110 -0.946 -0.801 -0.502 -0.375 -0.181 -0.091 -0.032 -0.070 -0.134 -0.199 -0.292 -0.393 -0.541 -0.645 -0.634 -0.640 -0.637 -0.624 -0.604 -0.575 -0.591 1.609
6.000 1200.000 -1.748 -1.517 -1.232 -1.070 -0.935 -0.644 -0.532 -0.357 -0.286 -0.260 -0.323 -0.415 -0.502 -0.617 -0.739 -0.903 -1.020 -0.987 -0.987 -0.985 -0.968 -0.932 -0.887 -0.905 1.411
6.000 1500.000 -1.927 -1.693 -1.410 -1.252 -1.131 -0.853 -0.761 -0.616 -0.575 -0.595 -0.694 -0.821 -0.938 -1.083 -1.230 -1.411 -1.547 -1.485 -1.478 -1.483 -1.463 -1.404 -1.343 -1.364 1.130
6.500 0.000 0.967 1.207 1.511 1.688 1.906 2.206 2.385 2.612 2.762 2.919 3.002 3.077 3.146 3.213 3.298 3.403 3.457 3.510 3.507 3.495 3.456 3.407 3.256 3.229 4.721
6.500 1.000 0.938 1.178 1.478 1.655 1.873 2.175 2.352 2.579 2.729 2.885 2.969 3.041 3.111 3.179 3.264 3.367 3.420 3.474 3.469 3.455 3.419 3.364 3.209 3.182 4.691
6.500 5.000 0.824 1.064 1.361 1.538 1.758 2.060 2.237 2.461 2.612 2.764 2.849 2.917 2.988 3.056 3.142 3.242 3.293 3.351 3.347 3.332 3.301 3.243 3.086 3.058 4.582
6.500 10.000 0.677 0.917 1.212 1.389 1.609 1.910 2.086 2.309 2.460 2.610 2.693 2.759 2.828 2.893 2.976 3.072 3.119 3.177 3.173 3.159 3.129 3.074 2.923 2.895 4.423
6.500 15.000 0.539 0.777 1.074 1.250 1.468 1.768 1.944 2.166 2.316 2.466 2.548 2.614 2.682 2.745 2.826 2.919 2.963 3.019 3.014 2.998 2.968 2.914 2.765 2.738 4.272
6.500 20.000 0.421 0.659 0.956 1.131 1.347 1.646 1.822 2.044 2.193 2.343 2.424 2.491 2.557 2.618 2.698 2.788 2.830 2.882 2.875 2.857 2.826 2.772 2.626 2.599 4.144
6.500 25.000 0.319 0.556 0.853 1.028 1.241 1.540 1.714 1.937 2.086 2.236 2.315 2.382 2.447 2.506 2.584 2.671 2.710 2.757 2.748 2.729 2.697 2.641 2.498 2.472 4.027
6.500 30.000 0.231 0.468 0.765 0.939 1.149 1.448 1.621 1.845 1.992 2.144 2.222 2.289 2.352 2.410 2.487 2.571 2.607 2.651 2.639 2.619 2.586 2.530 2.389 2.364 3.928
6.500 40.000 0.090 0.326 0.623 0.796 1.001 1.300 1.472 1.696 1.842 1.995 2.070 2.139 2.200 2.255 2.330 2.409 2.441 2.478 2.463 2.440 2.406 2.349 2.210 2.186 3.772
6.500 50.000 -0.020 0.214 0.511 0.683 0.885 1.182 1.353 1.578 1.724 1.877 1.950 2.020 2.078 2.132 2.204 2.279 2.308 2.341 2.323 2.299 2.264 2.206 2.070 2.046 3.651
6.500 60.000 -0.084 0.150 0.446 0.617 0.818 1.115 1.285 1.509 1.654 1.807 1.880 1.949 2.007 2.059 2.128 2.201 2.227 2.255 2.236 2.210 2.174 2.116 1.980 1.956 3.577
6.500 70.000 -0.125 0.108 0.403 0.573 0.771 1.068 1.237 1.461 1.606 1.759 1.831 1.899 1.956 2.007 2.074 2.143 2.168 2.189 2.167 2.140 2.103 2.041 1.906 1.882 3.517
6.500 80.000 -0.151 0.081 0.374 0.545 0.740 1.037 1.205 1.429 1.573 1.725 1.796 1.863 1.919 1.969 2.034 2.098 2.122 2.136 2.112 2.084 2.046 1.982 1.846 1.824 3.472
6.500 90.000 -0.171 0.059 0.352 0.522 0.716 1.013 1.179 1.402 1.546 1.698 1.767 1.833 1.887 1.935 1.998 2.059 2.080 2.089 2.063 2.034 1.996 1.931 1.796 1.773 3.436
6.500 100.000 -0.190 0.040 0.331 0.501 0.694 0.990 1.156 1.378 1.521 1.672 1.741 1.804 1.858 1.905 1.965 2.021 2.040 2.045 2.017 1.987 1.949 1.883 1.748 1.726 3.403
6.500 110.000 -0.207 0.023 0.313 0.482 0.674 0.970 1.135 1.356 1.499 1.648 1.716 1.778 1.830 1.875 1.933 1.984 2.000 2.001 1.971 1.940 1.903 1.836 1.703 1.681 3.375
6.500 120.000 -0.222 0.007 0.296 0.465 0.656 0.951 1.115 1.336 1.478 1.626 1.692 1.753 1.803 1.847 1.902 1.949 1.962 1.959 1.928 1.896 1.859 1.791 1.661 1.639 3.349
6.500 130.000 -0.241 -0.013 0.276 0.444 0.634 0.929 1.092 1.312 1.453 1.600 1.666 1.724 1.773 1.815 1.867 1.909 1.920 1.913 1.881 1.849 1.812 1.744 1.616 1.594 3.320
6.500 140.000 -0.260 -0.033 0.255 0.423 0.613 0.907 1.069 1.288 1.429 1.574 1.639 1.695 1.744 1.783 1.833 1.870 1.878 1.867 1.834 1.802 1.766 1.697 1.571 1.550 3.291
6.500 150.000 -0.278 -0.051 0.236 0.403 0.592 0.885 1.047 1.265 1.405 1.549 1.612 1.667 1.714 1.751 1.798 1.831 1.837 1.822 1.788 1.756 1.720 1.652 1.529 1.508 3.265
6.500 175.000 -0.323 -0.097 0.188 0.355 0.541 0.833 0.993 1.209 1.347 1.487 1.547 1.598 1.641 1.673 1.713 1.735 1.734 1.711 1.676 1.644 1.609 1.543 1.428 1.409 3.200
6.500 200.000 -0.364 -0.139 0.144 0.309 0.493 0.784 0.941 1.156 1.292 1.429 1.486 1.532 1.572 1.600 1.633 1.644 1.636 1.607 1.570 1.538 1.505 1.440 1.333 1.314 3.138
6.500 250.000 -0.441 -0.218 0.062 0.226 0.406 0.694 0.848 1.059 1.191 1.322 1.373 1.411 1.444 1.462 1.483 1.475 1.457 1.418 1.380 1.350 1.320 1.259 1.167 1.149 3.024
6.500 300.000 -0.506 -0.285 -0.007 0.155 0.331 0.617 0.767 0.975 1.102 1.228 1.273 1.303 1.329 1.338 1.348 1.322 1.295 1.250 1.211 1.184 1.158 1.102 1.024 1.008 2.925
6.500 350.000 -0.559 -0.340 -0.065 0.095 0.268 0.551 0.698 0.901 1.025 1.144 1.182 1.204 1.222 1.222 1.220 1.179 1.142 1.094 1.056 1.033 1.011 0.961 0.897 0.882 2.839
6.500 400.000 -0.607 -0.389 -0.117 0.042 0.211 0.492 0.635 0.835 0.954 1.066 1.098 1.111 1.122 1.113 1.100 1.044 1.000 0.950 0.915 0.895 0.878 0.834 0.783 0.769 2.760
6.500 450.000 -0.656 -0.440 -0.169 -0.012 0.153 0.432 0.572 0.768 0.883 0.989 1.014 1.020 1.024 1.007 0.984 0.916 0.864 0.816 0.783 0.767 0.754 0.716 0.676 0.663 2.684
6.500 500.000 -0.701 -0.486 -0.218 -0.061 0.100 0.377 0.513 0.706 0.817 0.916 0.935 0.933 0.931 0.905 0.874 0.794 0.736 0.691 0.660 0.647 0.638 0.606 0.576 0.563 2.612
6.500 600.000 -0.771 -0.558 -0.294 -0.140 0.014 0.287 0.415 0.597 0.699 0.780 0.784 0.764 0.745 0.700 0.649 0.549 0.480 0.452 0.431 0.429 0.429 0.411 0.402 0.390 2.484
6.500 700.000 -0.847 -0.636 -0.375 -0.223 -0.075 0.195 0.316 0.491 0.584 0.652 0.644 0.609 0.578 0.519 0.454 0.340 0.262 0.244 0.228 0.231 0.236 0.228 0.231 0.219 2.363
6.500 800.000 -0.908 -0.698 -0.440 -0.290 -0.148 0.117 0.231 0.397 0.481 0.534 0.512 0.462 0.419 0.346 0.266 0.142 0.058 0.054 0.044 0.052 0.061 0.064 0.079 0.065 2.257
6.500 1000.000 -1.039 -0.830 -0.576 -0.429 -0.298 -0.040 0.061 0.211 0.278 0.303 0.258 0.183 0.119 0.025 -0.077 -0.215 -0.314 -0.292 -0.295 -0.284 -0.273 -0.250 -0.219 -0.236 2.064
6.500 1200.000 -1.155 -0.946 -0.695 -0.550 -0.430 -0.180 -0.092 0.039 0.086 0.081 0.013 -0.088 -0.172 -0.287 -0.407 -0.558 -0.669 -0.625 -0.622 -0.614 -0.599 -0.560 -0.515 -0.535 1.878
6.500 1500.000 -1.322 -1.112 -0.863 -0.722 -0.616 -0.380 -0.313 -0.211 -0.193 -0.244 -0.348 -0.483 -0.595 -0.738 -0.880 -1.043 -1.172 -1.098 -1.089 -1.087 -1.071 -1.008 -0.948 -0.972 1.616
7.000 0.000 1.313 1.524 1.789 1.944 2.137 2.392 2.542 2.729 2.856 2.988 3.066 3.134 3.202 3.266 3.347 3.449 3.500 3.550 3.545 3.534 3.493 3.444 3.296 3.269 4.850
7.000 1.000 1.288 1.499 1.760 1.915 2.108 2.364 2.513 2.699 2.828 2.958 3.038 3.103 3.172 3.236 3.318 3.419 3.469 3.520 3.513 3.500 3.462 3.408 3.256 3.228 4.822
7.000 5.000 1.198 1.409 1.667 1.822 2.019 2.275 2.424 2.607 2.737 2.863 2.943 3.004 3.074 3.138 3.220 3.317 3.365 3.420 3.413 3.400 3.366 3.309 3.154 3.126 4.741
7.000 10.000 1.081 1.292 1.549 1.704 1.902 2.157 2.307 2.487 2.617 2.740 2.820 2.878 2.947 3.009 3.088 3.182 3.226 3.282 3.277 3.263 3.230 3.177 3.025 2.997 4.623
7.000 15.000 0.968 1.178 1.435 1.590 1.788 2.042 2.192 2.371 2.500 2.622 2.701 2.759 2.827 2.886 2.963 3.055 3.096 3.151 3.145 3.131 3.098 3.045 2.895 2.867 4.502
7.000 20.000 0.866 1.076 1.333 1.488 1.684 1.937 2.087 2.266 2.394 2.517 2.594 2.652 2.719 2.778 2.853 2.942 2.981 3.033 3.026 3.010 2.976 2.924 2.775 2.747 4.395
7.000 25.000 0.776 0.986 1.242 1.397 1.591 1.844 1.992 2.172 2.300 2.422 2.499 2.557 2.623 2.680 2.753 2.840 2.876 2.925 2.915 2.898 2.864 2.811 2.664 2.637 4.297
7.000 30.000 0.700 0.908 1.165 1.319 1.510 1.764 1.911 2.091 2.219 2.342 2.417 2.476 2.540 2.596 2.668 2.752 2.786 2.831 2.820 2.801 2.766 2.712 2.568 2.541 4.213
7.000 40.000 0.571 0.779 1.035 1.188 1.375 1.628 1.774 1.955 2.082 2.206 2.280 2.339 2.402 2.455 2.525 2.605 2.636 2.675 2.661 2.640 2.604 2.549 2.407 2.381 4.073
7.000 50.000 0.471 0.678 0.934 1.086 1.269 1.522 1.667 1.848 1.974 2.100 2.172 2.231 2.292 2.344 2.412 2.489 2.516 2.551 2.534 2.512 2.475 2.419 2.280 2.254 3.965
7.000 60.000 0.412 0.618 0.873 1.025 1.207 1.459 1.603 1.785 1.910 2.035 2.107 2.166 2.226 2.276 2.341 2.416 2.440 2.471 2.452 2.429 2.391 2.335 2.197 2.171 3.897
7.000 70.000 0.374 0.579 0.832 0.983 1.163 1.415 1.558 1.740 1.865 1.991 2.061 2.119 2.179 2.228 2.292 2.362 2.386 2.409 2.387 2.363 2.324 2.265 2.127 2.101 3.841
7.000 80.000 0.349 0.554 0.806 0.956 1.134 1.387 1.528 1.710 1.835 1.960 2.029 2.087 2.145 2.193 2.255 2.321 2.343 2.361 2.337 2.312 2.272 2.210 2.073 2.048 3.800
7.000 90.000 0.329 0.533 0.785 0.934 1.110 1.363 1.503 1.685 1.809 1.934 2.002 2.058 2.115 2.162 2.222 2.284 2.303 2.316 2.291 2.264 2.224 2.162 2.025 2.001 3.766
7.000 100.000 0.311 0.514 0.765 0.914 1.089 1.342 1.481 1.662 1.786 1.910 1.977 2.031 2.088 2.133 2.190 2.248 2.266 2.274 2.247 2.220 2.180 2.116 1.981 1.956 3.735
7.000 110.000 0.295 0.497 0.747 0.896 1.069 1.322 1.460 1.641 1.764 1.887 1.953 2.006 2.061 2.104 2.159 2.213 2.228 2.231 2.203 2.175 2.135 2.071 1.937 1.913 3.708
7.000 120.000 0.279 0.480 0.729 0.878 1.050 1.302 1.439 1.619 1.742 1.864 1.929 1.980 2.034 2.076 2.129 2.178 2.190 2.190 2.160 2.131 2.092 2.026 1.895 1.871 3.682
7.000 130.000 0.260 0.461 0.709 0.858 1.029 1.281 1.417 1.596 1.719 1.840 1.903 1.953 2.005 2.045 2.095 2.140 2.150 2.146 2.114 2.085 2.046 1.981 1.852 1.829 3.655
7.000 140.000 0.241 0.442 0.689 0.837 1.008 1.259 1.395 1.574 1.695 1.815 1.878 1.926 1.977 2.015 2.063 2.103 2.110 2.102 2.070 2.041 2.002 1.936 1.810 1.787 3.628
7.000 150.000 0.224 0.424 0.671 0.818 0.988 1.239 1.374 1.552 1.673 1.791 1.853 1.899 1.949 1.985 2.029 2.065 2.070 2.058 2.025 1.996 1.958 1.892 1.769 1.747 3.604
7.000 175.000 0.179 0.379 0.623 0.770 0.937 1.187 1.320 1.497 1.616 1.731 1.790 1.832 1.878 1.909 1.947 1.971 1.970 1.951 1.916 1.888 1.851 1.787 1.672 1.651 3.543
7.000 200.000 0.138 0.336 0.579 0.725 0.890 1.139 1.270 1.445 1.562 1.675 1.731 1.769 1.811 1.838 1.870 1.884 1.877 1.852 1.816 1.788 1.753 1.690 1.582 1.562 3.485
7.000 250.000 0.062 0.258 0.499 0.643 0.805 1.051 1.180 1.351 1.465 1.572 1.622 1.652 1.688 1.706 1.726 1.722 1.704 1.670 1.633 1.607 1.576 1.517 1.425 1.406 3.378
7.000 300.000 0.002 0.197 0.434 0.577 0.735 0.980 1.105 1.273 1.383 1.485 1.528 1.551 1.579 1.588 1.597 1.576 1.548 1.509 1.472 1.450 1.423 1.370 1.293 1.275 3.289
7.000 350.000 -0.050 0.143 0.378 0.519 0.674 0.916 1.038 1.203 1.309 1.403 1.440 1.455 1.476 1.475 1.472 1.436 1.400 1.358 1.322 1.304 1.281 1.234 1.172 1.156 3.209
7.000 400.000 -0.098 0.093 0.327 0.467 0.617 0.858 0.976 1.138 1.240 1.328 1.358 1.365 1.379 1.369 1.356 1.306 1.263 1.221 1.188 1.174 1.155 1.115 1.066 1.050 3.138
7.000 450.000 -0.147 0.044 0.276 0.415 0.562 0.801 0.915 1.074 1.172 1.254 1.278 1.277 1.284 1.266 1.244 1.181 1.131 1.091 1.060 1.050 1.036 1.001 0.963 0.949 3.067
7.000 500.000 -0.190 -0.001 0.229 0.367 0.512 0.749 0.860 1.015 1.109 1.184 1.202 1.194 1.194 1.168 1.136 1.064 1.008 0.972 0.944 0.938 0.927 0.899 0.871 0.857 3.001
7.000 600.000 -0.260 -0.072 0.154 0.290 0.428 0.660 0.764 0.910 0.994 1.053 1.056 1.029 1.014 0.970 0.918 0.828 0.762 0.741 0.722 0.727 0.726 0.710 0.702 0.689 2.883
7.000 700.000 -0.333 -0.146 0.078 0.212 0.344 0.573 0.671 0.809 0.885 0.930 0.921 0.881 0.854 0.795 0.730 0.626 0.553 0.543 0.529 0.539 0.541 0.536 0.541 0.527 2.770
7.000 800.000 -0.393 -0.207 0.015 0.147 0.273 0.498 0.588 0.718 0.785 0.815 0.793 0.738 0.699 0.628 0.548 0.436 0.357 0.361 0.354 0.368 0.374 0.380 0.395 0.380 2.671
7.000 1000.000 -0.519 -0.335 -0.116 0.014 0.129 0.347 0.425 0.539 0.588 0.591 0.546 0.467 0.408 0.316 0.216 0.092 -0.000 0.029 0.029 0.044 0.053 0.079 0.110 0.091 2.494
7.000 1200.000 -0.628 -0.444 -0.228 -0.101 0.004 0.213 0.278 0.373 0.404 0.377 0.309 0.205 0.127 0.015 -0.102 -0.235 -0.339 -0.287 -0.282 -0.268 -0.256 -0.215 -0.171 -0.193 2.319
7.000 1500.000 -0.785 -0.601 -0.387 -0.265 -0.176 0.020 0.064 0.131 0.133 0.062 -0.040 -0.175 -0.279 -0.416 -0.551 -0.696 -0.816 -0.735 -0.725 -0.718 -0.706 -0.641 -0.583 -0.609 2.076
7.500 0.000 1.608 1.789 2.014 2.147 2.315 2.527 2.653 2.806 2.918 3.032 3.108 3.173 3.240 3.301 3.380 3.481 3.531 3.579 3.573 3.561 3.520 3.471 3.323 3.296 4.973
7.500 1.000 1.586 1.767 1.989 2.122 2.291 2.504 2.629 2.781 2.894 3.007 3.083 3.145 3.214 3.276 3.355 3.455 3.505 3.553 3.545 3.533 3.494 3.440 3.288 3.261 4.948
7.500 5.000 1.514 1.695 1.914 2.047 2.220 2.432 2.558 2.707 2.821 2.929 3.007 3.064 3.134 3.195 3.274 3.371 3.418 3.469 3.462 3.449 3.412 3.357 3.203 3.175 4.885
7.500 10.000 1.417 1.598 1.816 1.950 2.126 2.337 2.463 2.610 2.724 2.829 2.907 2.962 3.032 3.091 3.167 3.263 3.306 3.361 3.355 3.342 3.306 3.253 3.099 3.070 4.794
7.500 15.000 1.325 1.506 1.723 1.857 2.033 2.244 2.370 2.516 2.629 2.733 2.811 2.865 2.934 2.992 3.065 3.160 3.200 3.256 3.249 3.236 3.200 3.149 2.995 2.966 4.699
7.500 20.000 1.241 1.421 1.638 1.772 1.947 2.158 2.284 2.429 2.542 2.645 2.722 2.776 2.844 2.901 2.973 3.065 3.103 3.156 3.149 3.134 3.098 3.047 2.894 2.865 4.613
7.500 25.000 1.165 1.345 1.562 1.695 1.869 2.079 2.205 2.351 2.463 2.567 2.643 2.696 2.764 2.820 2.890 2.980 3.016 3.068 3.058 3.043 3.006 2.954 2.802 2.773 4.536
7.500 30.000 1.097 1.277 1.493 1.626 1.798 2.009 2.134 2.280 2.392 2.496 2.571 2.625 2.692 2.747 2.816 2.904 2.939 2.987 2.976 2.960 2.922 2.870 2.719 2.690 4.465
7.500 40.000 0.983 1.161 1.378 1.510 1.678 1.888 2.012 2.159 2.271 2.376 2.449 2.504 2.569 2.622 2.689 2.774 2.805 2.849 2.836 2.818 2.779 2.726 2.579 2.551 4.347
7.500 50.000 0.895 1.073 1.289 1.420 1.586 1.796 1.918 2.066 2.177 2.283 2.355 2.410 2.473 2.524 2.590 2.672 2.700 2.739 2.724 2.704 2.665 2.611 2.467 2.439 4.256
7.500 60.000 0.841 1.018 1.233 1.364 1.528 1.738 1.860 2.007 2.118 2.224 2.296 2.350 2.413 2.463 2.526 2.605 2.630 2.666 2.648 2.628 2.588 2.534 2.391 2.363 4.194
7.500 70.000 0.807 0.983 1.197 1.327 1.489 1.699 1.820 1.968 2.078 2.185 2.255 2.309 2.371 2.420 2.482 2.557 2.582 2.610 2.590 2.569 2.527 2.471 2.328 2.301 4.144
7.500 80.000 0.784 0.960 1.173 1.302 1.462 1.673 1.792 1.940 2.051 2.157 2.226 2.279 2.340 2.388 2.448 2.520 2.543 2.565 2.543 2.521 2.479 2.420 2.278 2.251 4.106
7.500 90.000 0.765 0.940 1.152 1.282 1.440 1.651 1.769 1.917 2.027 2.133 2.201 2.253 2.313 2.359 2.417 2.485 2.506 2.524 2.500 2.477 2.434 2.374 2.233 2.207 4.076
7.500 100.000 0.748 0.923 1.134 1.263 1.420 1.631 1.748 1.895 2.005 2.110 2.178 2.228 2.287 2.332 2.389 2.452 2.471 2.484 2.458 2.435 2.392 2.331 2.192 2.166 4.047
7.500 110.000 0.731 0.905 1.115 1.244 1.400 1.611 1.727 1.874 1.983 2.088 2.154 2.203 2.261 2.304 2.358 2.417 2.434 2.442 2.415 2.391 2.349 2.286 2.149 2.123 4.022
7.500 120.000 0.715 0.889 1.098 1.227 1.381 1.592 1.707 1.854 1.963 2.066 2.132 2.179 2.236 2.278 2.329 2.384 2.398 2.402 2.374 2.349 2.307 2.244 2.108 2.083 3.998
7.500 130.000 0.697 0.871 1.079 1.207 1.361 1.571 1.686 1.832 1.941 2.043 2.108 2.153 2.209 2.249 2.298 2.348 2.360 2.361 2.331 2.305 2.264 2.200 2.068 2.043 3.973
7.500 140.000 0.679 0.852 1.059 1.188 1.340 1.551 1.665 1.810 1.918 2.020 2.083 2.127 2.182 2.220 2.266 2.313 2.322 2.319 2.288 2.262 2.221 2.157 2.028 2.003 3.948
7.500 150.000 0.660 0.833 1.040 1.168 1.319 1.530 1.643 1.788 1.895 1.996 2.058 2.100 2.154 2.190 2.234 2.276 2.283 2.276 2.244 2.219 2.178 2.114 1.988 1.964 3.927
7.500 175.000 0.616 0.788 0.993 1.120 1.270 1.479 1.591 1.735 1.840 1.938 1.998 2.036 2.086 2.118 2.155 2.186 2.187 2.173 2.139 2.114 2.076 2.013 1.894 1.872 3.870
7.500 200.000 0.574 0.745 0.949 1.075 1.223 1.432 1.542 1.685 1.789 1.884 1.941 1.975 2.022 2.049 2.082 2.103 2.098 2.079 2.044 2.019 1.982 1.921 1.810 1.788 3.817
7.500 250.000 0.502 0.672 0.873 0.998 1.143 1.350 1.457 1.597 1.698 1.788 1.839 1.865 1.905 1.924 1.944 1.948 1.933 1.905 1.869 1.848 1.814 1.758 1.664 1.644 3.719
7.500 300.000 0.446 0.614 0.813 0.937 1.078 1.284 1.387 1.524 1.622 1.706 1.750 1.769 1.802 1.812 1.820 1.807 1.782 1.749 1.713 1.696 1.667 1.616 1.539 1.520 3.637
7.500 350.000 0.393 0.560 0.757 0.880 1.017 1.222 1.322 1.456 1.550 1.628 1.666 1.677 1.703 1.703 1.701 1.673 1.640 1.604 1.571 1.558 1.533 1.489 1.427 1.409 3.563
7.500 400.000 0.346 0.512 0.707 0.829 0.963 1.166 1.263 1.394 1.484 1.555 1.587 1.591 1.609 1.601 1.589 1.547 1.507 1.472 1.441 1.432 1.412 1.374 1.326 1.309 3.496
7.500 450.000 0.300 0.465 0.659 0.780 0.910 1.112 1.206 1.334 1.420 1.485 1.511 1.507 1.519 1.502 1.480 1.427 1.381 1.348 1.320 1.316 1.299 1.268 1.231 1.215 3.429
7.500 500.000 0.258 0.422 0.615 0.735 0.862 1.062 1.153 1.278 1.359 1.418 1.438 1.427 1.432 1.407 1.375 1.313 1.261 1.232 1.207 1.207 1.194 1.169 1.143 1.127 3.368
7.500 600.000 0.187 0.349 0.540 0.658 0.780 0.975 1.059 1.176 1.248 1.291 1.295 1.267 1.257 1.214 1.164 1.084 1.022 1.008 0.992 1.002 0.998 0.985 0.978 0.963 3.258
7.500 700.000 0.117 0.279 0.468 0.584 0.700 0.892 0.970 1.080 1.143 1.173 1.166 1.125 1.102 1.047 0.982 0.891 0.822 0.819 0.808 0.823 0.822 0.820 0.824 0.809 3.155
7.500 800.000 0.057 0.218 0.406 0.520 0.630 0.818 0.889 0.991 1.045 1.061 1.040 0.985 0.951 0.883 0.805 0.706 0.632 0.643 0.637 0.657 0.660 0.668 0.683 0.667 3.061
7.500 1000.000 -0.065 0.095 0.280 0.392 0.491 0.672 0.731 0.817 0.854 0.842 0.799 0.720 0.667 0.578 0.481 0.371 0.286 0.320 0.322 0.342 0.349 0.376 0.406 0.386 2.900
7.500 1200.000 -0.168 -0.008 0.174 0.282 0.371 0.544 0.590 0.657 0.676 0.636 0.570 0.469 0.397 0.291 0.178 0.061 -0.033 0.023 0.030 0.048 0.057 0.099 0.140 0.117 2.737
7.500 1500.000 -0.317 -0.157 0.021 0.125 0.197 0.357 0.382 0.421 0.411 0.328 0.229 0.098 0.001 -0.128 -0.257 -0.383 -0.496 -0.411 -0.400 -0.389 -0.381 -0.315 -0.259 -0.287 2.511
7.800 0.000 1.755 1.919 2.121 2.241 2.397 2.585 2.699 2.836 2.940 3.046 3.121 3.185 3.253 3.313 3.390 3.492 3.542 3.590 3.583 3.572 3.530 3.481 3.331 3.304 5.042
7.800 1.000 1.735 1.898 2.097 2.218 2.374 2.563 2.677 2.813 2.918 3.022 3.099 3.160 3.229 3.289 3.367 3.468 3.518 3.565 3.557 3.544 3.504 3.450 3.296 3.269 5.018
7.800 5.000 1.668 1.832 2.028 2.149 2.309 2.498 2.612 2.745 2.851 2.952 3.029 3.086 3.156 3.216 3.293 3.391 3.439 3.489 3.481 3.467 3.429 3.374 3.217 3.190 4.962
7.800 10.000 1.585 1.748 1.944 2.065 2.229 2.416 2.531 2.662 2.767 2.865 2.943 2.997 3.067 3.125 3.200 3.297 3.341 3.395 3.389 3.375 3.338 3.286 3.129 3.100 4.886
7.800 15.000 1.503 1.666 1.862 1.983 2.148 2.334 2.450 2.579 2.685 2.781 2.859 2.912 2.982 3.039 3.111 3.207 3.248 3.304 3.298 3.284 3.247 3.196 3.039 3.009 4.807
7.800 20.000 1.428 1.591 1.786 1.907 2.072 2.258 2.374 2.503 2.608 2.703 2.780 2.833 2.902 2.958 3.029 3.123 3.162 3.217 3.210 3.196 3.158 3.108 2.951 2.921 4.734
7.800 25.000 1.360 1.522 1.717 1.838 2.002 2.188 2.303 2.432 2.537 2.632 2.709 2.761 2.830 2.885 2.955 3.048 3.085 3.138 3.130 3.115 3.077 3.026 2.870 2.840 4.666
7.800 30.000 1.299 1.461 1.656 1.777 1.939 2.125 2.239 2.368 2.473 2.569 2.645 2.697 2.765 2.820 2.888 2.980 3.015 3.066 3.057 3.041 3.002 2.952 2.797 2.767 4.605
7.800 40.000 1.192 1.353 1.548 1.668 1.826 2.012 2.125 2.256 2.360 2.457 2.531 2.584 2.651 2.703 2.770 2.859 2.891 2.938 2.926 2.908 2.869 2.817 2.665 2.636 4.497
7.800 50.000 1.111 1.272 1.466 1.585 1.742 1.928 2.040 2.170 2.275 2.371 2.445 2.498 2.563 2.615 2.680 2.765 2.795 2.837 2.823 2.805 2.765 2.712 2.562 2.533 4.414
7.800 60.000 1.059 1.219 1.413 1.532 1.687 1.873 1.984 2.115 2.219 2.316 2.388 2.441 2.506 2.556 2.619 2.702 2.729 2.768 2.752 2.733 2.691 2.638 2.490 2.461 4.356
7.800 70.000 1.026 1.186 1.379 1.497 1.650 1.836 1.947 2.078 2.181 2.279 2.351 2.403 2.467 2.517 2.578 2.658 2.684 2.716 2.697 2.677 2.634 2.579 2.430 2.403 4.310
7.800 80.000 1.005 1.164 1.356 1.474 1.624 1.812 1.921 2.052 2.155 2.253 2.324 2.375 2.438 2.486 2.546 2.622 2.647 2.673 2.652 2.631 2.588 2.530 2.382 2.355 4.274
7.800 90.000 0.987 1.146 1.336 1.454 1.603 1.790 1.898 2.030 2.133 2.230 2.300 2.350 2.412 2.459 2.517 2.589 2.612 2.633 2.610 2.588 2.545 2.485 2.339 2.312 4.244
7.800 100.000 0.970 1.128 1.318 1.435 1.583 1.771 1.878 2.009 2.112 2.209 2.278 2.327 2.388 2.433 2.490 2.558 2.579 2.595 2.571 2.548 2.504 2.443 2.299 2.272 4.216
7.800 110.000 0.953 1.111 1.299 1.417 1.563 1.751 1.857 1.988 2.091 2.187 2.255 2.302 2.362 2.406 2.460 2.524 2.543 2.555 2.528 2.505 2.461 2.399 2.257 2.230 4.191
7.800 120.000 0.937 1.094 1.282 1.399 1.545 1.732 1.838 1.968 2.070 2.166 2.233 2.279 2.338 2.380 2.432 2.492 2.508 2.516 2.488 2.464 2.421 2.358 2.217 2.192 4.168
7.800 130.000 0.919 1.076 1.263 1.380 1.525 1.712 1.817 1.947 2.049 2.143 2.209 2.253 2.311 2.352 2.402 2.457 2.471 2.475 2.446 2.421 2.378 2.315 2.178 2.152 4.144
7.800 140.000 0.901 1.058 1.244 1.361 1.505 1.692 1.797 1.926 2.027 2.120 2.185 2.228 2.285 2.324 2.371 2.422 2.434 2.434 2.404 2.379 2.337 2.273 2.139 2.114 4.121
7.800 150.000 0.883 1.039 1.225 1.342 1.485 1.672 1.775 1.905 2.005 2.097 2.161 2.203 2.258 2.295 2.340 2.387 2.396 2.392 2.361 2.337 2.295 2.231 2.100 2.076 4.100
7.800 175.000 0.840 0.995 1.180 1.295 1.437 1.623 1.725 1.853 1.952 2.042 2.103 2.141 2.193 2.226 2.264 2.301 2.304 2.293 2.260 2.236 2.196 2.133 2.011 1.987 4.045
7.800 200.000 0.798 0.953 1.137 1.252 1.392 1.577 1.678 1.805 1.903 1.990 2.049 2.082 2.131 2.160 2.193 2.220 2.218 2.201 2.167 2.143 2.104 2.043 1.928 1.906 3.994
7.800 250.000 0.728 0.882 1.063 1.177 1.313 1.498 1.595 1.720 1.814 1.896 1.948 1.974 2.016 2.036 2.058 2.066 2.053 2.028 1.993 1.974 1.939 1.884 1.788 1.768 3.905
7.800 300.000 0.671 0.823 1.002 1.115 1.248 1.432 1.526 1.648 1.739 1.815 1.861 1.880 1.914 1.925 1.935 1.927 1.904 1.874 1.840 1.824 1.794 1.744 1.666 1.647 3.825
7.800 350.000 0.618 0.770 0.947 1.059 1.189 1.371 1.462 1.581 1.668 1.739 1.779 1.790 1.817 1.819 1.819 1.795 1.765 1.732 1.700 1.689 1.663 1.620 1.557 1.539 3.756
7.800 400.000 0.572 0.722 0.898 1.010 1.135 1.316 1.405 1.521 1.604 1.669 1.702 1.706 1.727 1.720 1.709 1.673 1.635 1.603 1.574 1.567 1.546 1.509 1.460 1.443 3.693
7.800 450.000 0.526 0.676 0.851 0.961 1.084 1.263 1.349 1.462 1.542 1.600 1.627 1.624 1.638 1.623 1.602 1.555 1.511 1.481 1.454 1.452 1.435 1.404 1.367 1.351 3.631
7.800 500.000 0.484 0.634 0.807 0.917 1.036 1.215 1.297 1.407 1.483 1.535 1.556 1.546 1.553 1.530 1.500 1.443 1.393 1.366 1.342 1.344 1.330 1.306 1.278 1.263 3.574
7.800 600.000 0.415 0.564 0.735 0.843 0.957 1.131 1.207 1.309 1.375 1.412 1.418 1.391 1.382 1.342 1.294 1.220 1.161 1.150 1.134 1.147 1.142 1.130 1.122 1.107 3.468
7.800 700.000 0.346 0.493 0.664 0.770 0.878 1.049 1.119 1.214 1.272 1.296 1.290 1.250 1.230 1.176 1.114 1.029 0.964 0.963 0.953 0.970 0.969 0.967 0.972 0.956 3.370
7.800 800.000 0.288 0.435 0.604 0.708 0.810 0.978 1.041 1.128 1.177 1.186 1.167 1.112 1.081 1.015 0.939 0.846 0.776 0.789 0.785 0.806 0.809 0.818 0.832 0.816 3.281
7.800 1000.000 0.171 0.317 0.483 0.584 0.676 0.836 0.887 0.958 0.989 0.971 0.929 0.850 0.799 0.714 0.619 0.516 0.435 0.472 0.475 0.497 0.503 0.531 0.560 0.540 3.130
7.800 1200.000 0.068 0.213 0.378 0.476 0.556 0.709 0.747 0.801 0.815 0.769 0.706 0.606 0.538 0.436 0.327 0.217 0.127 0.184 0.191 0.211 0.219 0.261 0.300 0.277 2.974
7.800 1500.000 -0.077 0.068 0.229 0.323 0.386 0.526 0.542 0.568 0.554 0.467 0.372 0.243 0.151 0.026 -0.098 -0.216 -0.325 -0.240 -0.229 -0.217 -0.211 -0.145 -0.091 -0.120 2.758
8.000 0.000 1.842 1.994 2.182 2.294 2.442 2.616 2.723 2.851 2.951 3.052 3.127 3.190 3.258 3.318 3.394 3.497 3.548 3.595 3.588 3.577 3.535 3.485 3.334 3.307 5.088
8.000 1.000 1.821 1.973 2.158 2.271 2.420 2.594 2.701 2.827 2.928 3.028 3.105 3.165 3.235 3.294 3.372 3.473 3.524 3.570 3.562 3.549 3.509 3.454 3.299 3.272 5.063
8.000 5.000 1.758 1.910 2.093 2.206 2.358 2.532 2.639 2.764 2.865 2.962 3.039 3.096 3.166 3.225 3.302 3.401 3.449 3.499 3.491 3.476 3.438 3.382 3.224 3.196 5.010
8.000 10.000 1.684 1.836 2.018 2.131 2.287 2.460 2.568 2.689 2.791 2.884 2.962 3.016 3.086 3.144 3.217 3.315 3.359 3.413 3.407 3.393 3.355 3.304 3.145 3.116 4.944
8.000 15.000 1.608 1.761 1.942 2.056 2.213 2.385 2.494 2.614 2.716 2.807 2.885 2.938 3.008 3.064 3.136 3.233 3.275 3.331 3.324 3.311 3.272 3.222 3.063 3.033 4.874
8.000 20.000 1.540 1.692 1.873 1.987 2.144 2.316 2.425 2.544 2.645 2.736 2.813 2.865 2.935 2.991 3.060 3.157 3.196 3.252 3.245 3.231 3.193 3.143 2.984 2.953 4.808
8.000 25.000 1.477 1.629 1.810 1.923 2.080 2.251 2.360 2.479 2.580 2.671 2.748 2.800 2.869 2.923 2.992 3.087 3.124 3.179 3.171 3.157 3.118 3.068 2.910 2.880 4.748
8.000 30.000 1.420 1.571 1.752 1.865 2.021 2.192 2.300 2.420 2.521 2.611 2.688 2.740 2.809 2.863 2.930 3.024 3.060 3.113 3.104 3.089 3.050 3.000 2.843 2.812 4.693
8.000 40.000 1.318 1.468 1.649 1.762 1.914 2.086 2.192 2.313 2.413 2.505 2.580 2.632 2.699 2.752 2.818 2.909 2.942 2.990 2.979 2.963 2.923 2.872 2.717 2.688 4.591
8.000 50.000 1.242 1.392 1.573 1.685 1.835 2.007 2.113 2.234 2.334 2.425 2.499 2.552 2.618 2.669 2.733 2.821 2.852 2.897 2.884 2.866 2.825 2.774 2.621 2.591 4.514
8.000 60.000 1.192 1.341 1.521 1.633 1.782 1.953 2.059 2.180 2.280 2.372 2.445 2.497 2.563 2.613 2.675 2.761 2.790 2.830 2.815 2.798 2.755 2.703 2.551 2.522 4.460
8.000 70.000 1.161 1.310 1.489 1.600 1.747 1.919 2.024 2.145 2.245 2.337 2.410 2.461 2.526 2.576 2.637 2.719 2.747 2.780 2.763 2.744 2.700 2.645 2.494 2.466 4.416
8.000 80.000 1.141 1.289 1.467 1.578 1.723 1.895 1.999 2.120 2.220 2.312 2.384 2.435 2.499 2.547 2.606 2.685 2.711 2.739 2.719 2.699 2.655 2.598 2.447 2.420 4.381
8.000 90.000 1.122 1.271 1.447 1.558 1.702 1.875 1.977 2.099 2.198 2.290 2.361 2.410 2.474 2.521 2.578 2.653 2.677 2.700 2.679 2.657 2.613 2.554 2.405 2.378 4.351
8.000 100.000 1.106 1.254 1.430 1.540 1.682 1.855 1.957 2.078 2.177 2.269 2.339 2.388 2.450 2.496 2.552 2.623 2.645 2.664 2.640 2.618 2.573 2.514 2.365 2.338 4.324
8.000 110.000 1.089 1.236 1.411 1.521 1.663 1.836 1.936 2.058 2.156 2.247 2.316 2.363 2.425 2.469 2.523 2.590 2.610 2.624 2.599 2.576 2.532 2.470 2.324 2.298 4.299
8.000 120.000 1.073 1.220 1.394 1.504 1.644 1.817 1.917 2.038 2.137 2.227 2.295 2.340 2.401 2.443 2.496 2.558 2.576 2.586 2.559 2.535 2.491 2.429 2.286 2.259 4.276
8.000 130.000 1.055 1.202 1.375 1.485 1.625 1.798 1.897 2.018 2.115 2.205 2.272 2.316 2.375 2.416 2.466 2.524 2.539 2.545 2.517 2.493 2.450 2.387 2.246 2.221 4.253
8.000 140.000 1.037 1.184 1.357 1.466 1.605 1.778 1.877 1.997 2.094 2.183 2.249 2.291 2.349 2.388 2.436 2.490 2.502 2.505 2.476 2.452 2.409 2.346 2.208 2.183 4.231
8.000 150.000 1.020 1.166 1.339 1.448 1.586 1.759 1.857 1.976 2.073 2.161 2.226 2.267 2.323 2.361 2.406 2.456 2.466 2.465 2.435 2.411 2.368 2.305 2.171 2.146 4.211
8.000 175.000 0.976 1.122 1.293 1.402 1.538 1.711 1.807 1.926 2.021 2.106 2.169 2.206 2.259 2.293 2.332 2.371 2.376 2.368 2.336 2.312 2.271 2.209 2.084 2.060 4.157
8.000 200.000 0.936 1.081 1.251 1.360 1.494 1.666 1.761 1.879 1.973 2.056 2.115 2.149 2.199 2.229 2.262 2.293 2.292 2.277 2.244 2.220 2.181 2.120 2.003 1.980 4.107
8.000 250.000 0.868 1.011 1.179 1.287 1.418 1.589 1.681 1.796 1.886 1.964 2.017 2.043 2.086 2.106 2.128 2.140 2.128 2.105 2.072 2.053 2.018 1.963 1.866 1.845 4.023
8.000 300.000 0.809 0.952 1.118 1.224 1.352 1.522 1.611 1.723 1.811 1.883 1.930 1.948 1.984 1.996 2.006 2.001 1.980 1.952 1.919 1.904 1.874 1.825 1.746 1.727 3.946
8.000 350.000 0.757 0.899 1.064 1.169 1.293 1.462 1.548 1.658 1.742 1.808 1.849 1.860 1.889 1.892 1.892 1.872 1.844 1.813 1.782 1.772 1.746 1.704 1.640 1.622 3.880
8.000 400.000 0.711 0.852 1.015 1.120 1.241 1.408 1.491 1.599 1.679 1.739 1.774 1.778 1.800 1.794 1.784 1.751 1.716 1.686 1.657 1.652 1.630 1.595 1.545 1.528 3.820
8.000 450.000 0.665 0.806 0.968 1.072 1.190 1.356 1.436 1.541 1.618 1.672 1.701 1.697 1.712 1.699 1.679 1.635 1.593 1.564 1.538 1.537 1.519 1.489 1.451 1.435 3.761
8.000 500.000 0.624 0.764 0.925 1.028 1.143 1.308 1.385 1.487 1.560 1.608 1.630 1.620 1.628 1.607 1.578 1.524 1.476 1.451 1.427 1.430 1.416 1.392 1.364 1.348 3.706
8.000 600.000 0.557 0.695 0.855 0.956 1.065 1.227 1.297 1.391 1.454 1.487 1.494 1.468 1.461 1.422 1.374 1.304 1.248 1.238 1.223 1.237 1.232 1.220 1.212 1.198 3.603
8.000 700.000 0.487 0.626 0.784 0.884 0.987 1.146 1.211 1.298 1.353 1.372 1.368 1.328 1.309 1.258 1.196 1.115 1.052 1.053 1.044 1.062 1.061 1.060 1.064 1.049 3.509
8.000 800.000 0.430 0.568 0.725 0.823 0.920 1.075 1.134 1.213 1.259 1.264 1.247 1.193 1.164 1.100 1.026 0.936 0.867 0.880 0.876 0.897 0.898 0.908 0.923 0.906 3.422
8.000 1000.000 0.315 0.452 0.607 0.702 0.788 0.937 0.982 1.046 1.074 1.052 1.013 0.935 0.887 0.804 0.710 0.611 0.534 0.570 0.573 0.596 0.601 0.628 0.657 0.637 3.278
8.000 1200.000 0.214 0.350 0.503 0.595 0.670 0.811 0.844 0.890 0.901 0.852 0.791 0.692 0.627 0.528 0.420 0.316 0.228 0.286 0.293 0.313 0.320 0.362 0.400 0.377 3.127
8.000 1500.000 0.071 0.207 0.356 0.443 0.501 0.629 0.641 0.660 0.644 0.555 0.464 0.338 0.251 0.130 0.007 -0.106 -0.212 -0.129 -0.120 -0.108 -0.101 -0.038 0.015 -0.014 2.918
8.200 0.000 1.923 2.064 2.238 2.344 2.485 2.645 2.746 2.864 2.961 3.057 3.133 3.194 3.262 3.320 3.395 3.497 3.547 3.592 3.586 3.575 3.533 3.484 3.334 3.307 5.131
8.200 1.000 1.901 2.042 2.214 2.319 2.461 2.622 2.722 2.840 2.937 3.033 3.109 3.169 3.238 3.296 3.373 3.473 3.524 3.569 3.561 3.548 3.508 3.454 3.299 3.272 5.104
8.200 5.000 1.840 1.982 2.151 2.257 2.402 2.562 2.663 2.779 2.877 2.969 3.047 3.103 3.173 3.231 3.307 3.406 3.454 3.503 3.495 3.481 3.442 3.386 3.227 3.200 5.053
8.200 10.000 1.774 1.916 2.085 2.191 2.339 2.499 2.601 2.714 2.812 2.901 2.979 3.032 3.103 3.159 3.232 3.330 3.374 3.428 3.421 3.408 3.369 3.318 3.159 3.129 4.999
8.200 15.000 1.707 1.848 2.017 2.123 2.274 2.432 2.535 2.647 2.744 2.832 2.910 2.962 3.032 3.088 3.158 3.256 3.297 3.353 3.347 3.333 3.294 3.245 3.084 3.054 4.938
8.200 20.000 1.643 1.784 1.953 2.059 2.210 2.368 2.471 2.582 2.679 2.766 2.844 2.895 2.965 3.020 3.088 3.185 3.225 3.281 3.274 3.260 3.221 3.172 3.011 2.981 4.879
8.200 25.000 1.587 1.728 1.896 2.002 2.152 2.310 2.413 2.524 2.621 2.707 2.784 2.836 2.905 2.959 3.026 3.122 3.160 3.215 3.208 3.194 3.155 3.107 2.947 2.916 4.827
8.200 30.000 1.533 1.674 1.842 1.948 2.098 2.256 2.358 2.469 2.566 2.652 2.729 2.780 2.849 2.903 2.969 3.064 3.100 3.155 3.147 3.133 3.093 3.045 2.886 2.855 4.777
8.200 40.000 1.437 1.577 1.745 1.850 1.997 2.155 2.256 2.368 2.465 2.552 2.627 2.679 2.746 2.798 2.863 2.955 2.989 3.039 3.029 3.013 2.973 2.923 2.767 2.737 4.683
8.200 50.000 1.366 1.506 1.673 1.778 1.924 2.082 2.183 2.294 2.391 2.477 2.552 2.603 2.670 2.721 2.784 2.874 2.905 2.952 2.940 2.923 2.882 2.832 2.676 2.647 4.611
8.200 60.000 1.317 1.456 1.623 1.727 1.872 2.030 2.130 2.242 2.338 2.426 2.500 2.551 2.617 2.667 2.728 2.816 2.845 2.888 2.874 2.858 2.815 2.764 2.609 2.579 4.561
8.200 70.000 1.288 1.427 1.593 1.697 1.840 1.998 2.097 2.210 2.306 2.394 2.467 2.518 2.583 2.632 2.692 2.776 2.805 2.840 2.824 2.806 2.762 2.708 2.555 2.526 4.518
8.200 80.000 1.269 1.407 1.572 1.676 1.817 1.975 2.074 2.186 2.282 2.370 2.442 2.492 2.557 2.605 2.663 2.744 2.770 2.801 2.782 2.763 2.718 2.663 2.510 2.481 4.485
8.200 90.000 1.250 1.389 1.552 1.656 1.796 1.955 2.052 2.165 2.260 2.348 2.420 2.468 2.532 2.579 2.636 2.713 2.738 2.763 2.743 2.722 2.678 2.620 2.468 2.440 4.455
8.200 100.000 1.234 1.372 1.535 1.639 1.777 1.936 2.033 2.145 2.241 2.328 2.399 2.446 2.510 2.555 2.611 2.684 2.707 2.728 2.705 2.684 2.639 2.580 2.430 2.402 4.428
8.200 110.000 1.217 1.354 1.517 1.620 1.757 1.916 2.012 2.125 2.220 2.306 2.376 2.422 2.485 2.529 2.582 2.651 2.672 2.689 2.665 2.643 2.598 2.538 2.389 2.362 4.404
8.200 120.000 1.201 1.338 1.500 1.603 1.739 1.899 1.993 2.106 2.200 2.286 2.355 2.400 2.461 2.504 2.556 2.620 2.639 2.651 2.626 2.603 2.559 2.498 2.351 2.325 4.382
8.200 130.000 1.183 1.320 1.481 1.585 1.720 1.879 1.974 2.085 2.180 2.265 2.333 2.376 2.436 2.477 2.526 2.587 2.603 2.611 2.585 2.561 2.518 2.456 2.313 2.287 4.360
8.200 140.000 1.166 1.302 1.463 1.566 1.700 1.860 1.954 2.065 2.159 2.243 2.310 2.352 2.410 2.450 2.497 2.553 2.567 2.572 2.544 2.521 2.477 2.415 2.275 2.250 4.338
8.200 150.000 1.149 1.286 1.446 1.548 1.682 1.841 1.934 2.046 2.139 2.222 2.288 2.328 2.386 2.424 2.468 2.521 2.532 2.533 2.504 2.481 2.438 2.376 2.239 2.214 4.319
8.200 175.000 1.106 1.242 1.400 1.503 1.635 1.794 1.886 1.996 2.088 2.169 2.232 2.269 2.323 2.357 2.396 2.438 2.444 2.438 2.407 2.385 2.343 2.282 2.154 2.130 4.267
8.200 200.000 1.067 1.202 1.360 1.462 1.592 1.751 1.841 1.950 2.041 2.120 2.180 2.213 2.265 2.295 2.328 2.361 2.361 2.349 2.317 2.294 2.254 2.194 2.074 2.052 4.217
8.200 250.000 1.000 1.134 1.290 1.391 1.517 1.675 1.763 1.869 1.957 2.030 2.084 2.109 2.153 2.174 2.196 2.210 2.199 2.179 2.146 2.128 2.093 2.039 1.941 1.920 4.138
8.200 300.000 0.940 1.073 1.228 1.328 1.451 1.608 1.693 1.797 1.881 1.949 1.997 2.015 2.052 2.064 2.075 2.073 2.054 2.028 1.996 1.982 1.952 1.903 1.823 1.804 4.064
8.200 350.000 0.888 1.021 1.174 1.274 1.394 1.550 1.631 1.733 1.814 1.876 1.918 1.928 1.958 1.962 1.962 1.945 1.918 1.891 1.860 1.852 1.826 1.785 1.721 1.703 4.002
8.200 400.000 0.842 0.974 1.126 1.225 1.342 1.497 1.575 1.674 1.752 1.808 1.843 1.847 1.870 1.865 1.855 1.826 1.792 1.764 1.737 1.733 1.712 1.677 1.627 1.610 3.944
8.200 450.000 0.798 0.929 1.080 1.178 1.291 1.446 1.521 1.618 1.691 1.742 1.771 1.768 1.784 1.771 1.752 1.711 1.670 1.644 1.618 1.618 1.600 1.571 1.532 1.517 3.889
8.200 500.000 0.756 0.887 1.038 1.134 1.245 1.398 1.471 1.565 1.634 1.679 1.702 1.692 1.701 1.680 1.652 1.600 1.554 1.531 1.508 1.512 1.498 1.474 1.447 1.431 3.836
8.200 600.000 0.691 0.821 0.969 1.065 1.169 1.319 1.385 1.471 1.531 1.560 1.569 1.542 1.537 1.499 1.452 1.385 1.332 1.323 1.310 1.325 1.320 1.309 1.301 1.286 3.735
8.200 700.000 0.622 0.752 0.899 0.993 1.092 1.239 1.299 1.378 1.430 1.446 1.442 1.402 1.385 1.335 1.274 1.196 1.136 1.139 1.131 1.151 1.150 1.150 1.154 1.139 3.646
8.200 800.000 0.567 0.696 0.842 0.934 1.027 1.170 1.224 1.295 1.338 1.340 1.323 1.269 1.241 1.179 1.105 1.020 0.954 0.969 0.965 0.988 0.990 1.000 1.015 0.998 3.561
8.200 1000.000 0.454 0.583 0.727 0.816 0.897 1.034 1.075 1.131 1.157 1.131 1.092 1.014 0.968 0.887 0.795 0.700 0.625 0.663 0.666 0.690 0.695 0.722 0.750 0.730 3.423
8.200 1200.000 0.354 0.482 0.624 0.710 0.781 0.910 0.938 0.976 0.985 0.932 0.872 0.774 0.712 0.614 0.508 0.408 0.323 0.381 0.388 0.409 0.415 0.457 0.495 0.472 3.277
8.200 1500.000 0.217 0.344 0.482 0.563 0.616 0.731 0.738 0.748 0.728 0.634 0.543 0.417 0.331 0.212 0.092 -0.016 -0.119 -0.033 -0.022 -0.009 -0.003 0.061 0.113 0.084 3.076
