NGA-East_Model_04 NGA-East USGS GMM as published in PEER Report No. 2017/03, distance is Rrup. Log10 hazard values in cgs units. Uses NRCan simplified, magnitude-independent sigma
          11 34 25 : nmag, ndist, nperiod
          10.000 7.519 5.000 4.000 3.003 2.000 1.499 1.000 0.750 0.500 0.400 0.300 0.250 0.200 0.150 0.100 0.075 0.050 0.040 0.030 0.025 0.020 0.010 PGA PGV
          0.62 0.62 0.62 0.62 0.62 0.62 0.62 0.62 0.60 0.58 0.56 0.54 0.53 0.53 0.53 0.53 0.53 0.53 0.53 0.53 0.53 0.53 0.53 0.53 0.62
4.000 0.000 -1.230 -0.916 -0.514 -0.283 0.008 0.421 0.702 1.105 1.382 1.750 1.938 2.140 2.267 2.403 2.550 2.726 2.817 2.952 2.984 2.993 2.978 2.944 2.762 2.732 3.769
4.000 1.000 -1.322 -1.010 -0.609 -0.379 -0.089 0.325 0.605 1.008 1.286 1.654 1.842 2.043 2.170 2.308 2.460 2.637 2.732 2.868 2.902 2.912 2.901 2.864 2.683 2.654 3.671
4.000 5.000 -1.750 -1.440 -1.040 -0.811 -0.541 -0.120 0.154 0.567 0.848 1.231 1.419 1.632 1.762 1.906 2.079 2.266 2.377 2.508 2.541 2.544 2.528 2.487 2.306 2.279 3.186
4.000 10.000 -2.057 -1.749 -1.347 -1.121 -0.862 -0.439 -0.169 0.248 0.529 0.918 1.102 1.321 1.448 1.590 1.766 1.954 2.062 2.191 2.219 2.217 2.197 2.154 1.975 1.948 2.852
4.000 15.000 -2.273 -1.966 -1.563 -1.337 -1.083 -0.661 -0.391 0.026 0.306 0.696 0.878 1.099 1.222 1.361 1.534 1.717 1.821 1.941 1.965 1.958 1.934 1.889 1.711 1.685 2.602
4.000 20.000 -2.441 -2.135 -1.730 -1.506 -1.254 -0.833 -0.564 -0.146 0.132 0.522 0.702 0.924 1.046 1.182 1.352 1.532 1.630 1.745 1.765 1.754 1.727 1.681 1.502 1.476 2.404
4.000 25.000 -2.581 -2.276 -1.870 -1.646 -1.397 -0.977 -0.709 -0.291 -0.013 0.378 0.556 0.779 0.899 1.033 1.201 1.378 1.473 1.582 1.600 1.585 1.555 1.508 1.328 1.302 2.239
4.000 30.000 -2.694 -2.389 -1.983 -1.760 -1.513 -1.093 -0.825 -0.407 -0.130 0.260 0.438 0.661 0.779 0.912 1.078 1.252 1.343 1.449 1.464 1.447 1.415 1.367 1.188 1.163 2.109
4.000 40.000 -2.873 -2.569 -2.162 -1.939 -1.695 -1.276 -1.009 -0.592 -0.316 0.074 0.249 0.474 0.589 0.719 0.880 1.051 1.136 1.235 1.247 1.225 1.191 1.143 0.965 0.940 1.906
4.000 50.000 -3.011 -2.707 -2.299 -2.077 -1.836 -1.418 -1.152 -0.735 -0.460 -0.071 0.102 0.327 0.440 0.567 0.725 0.891 0.970 1.064 1.072 1.046 1.010 0.962 0.784 0.759 1.749
4.000 60.000 -3.091 -2.788 -2.380 -2.158 -1.916 -1.500 -1.234 -0.819 -0.544 -0.158 0.015 0.239 0.351 0.476 0.629 0.791 0.866 0.955 0.960 0.932 0.893 0.846 0.669 0.643 1.650
4.000 70.000 -3.143 -2.841 -2.433 -2.212 -1.971 -1.556 -1.290 -0.876 -0.603 -0.217 -0.045 0.177 0.288 0.412 0.562 0.720 0.792 0.872 0.874 0.844 0.804 0.753 0.575 0.551 1.573
4.000 80.000 -3.181 -2.879 -2.473 -2.252 -2.012 -1.597 -1.332 -0.919 -0.646 -0.262 -0.091 0.130 0.240 0.362 0.510 0.663 0.733 0.806 0.805 0.773 0.732 0.678 0.498 0.474 1.512
4.000 90.000 -3.211 -2.910 -2.504 -2.283 -2.044 -1.630 -1.366 -0.953 -0.681 -0.298 -0.128 0.091 0.200 0.320 0.465 0.614 0.680 0.748 0.744 0.710 0.668 0.611 0.431 0.408 1.462
4.000 100.000 -3.238 -2.938 -2.532 -2.312 -2.074 -1.660 -1.396 -0.984 -0.713 -0.332 -0.163 0.054 0.163 0.281 0.424 0.568 0.632 0.693 0.687 0.650 0.608 0.549 0.369 0.345 1.416
4.000 110.000 -3.263 -2.963 -2.558 -2.338 -2.100 -1.687 -1.424 -1.013 -0.743 -0.363 -0.195 0.021 0.128 0.245 0.385 0.524 0.585 0.641 0.632 0.594 0.551 0.491 0.311 0.288 1.375
4.000 120.000 -3.286 -2.987 -2.582 -2.363 -2.125 -1.713 -1.450 -1.041 -0.771 -0.393 -0.225 -0.012 0.094 0.210 0.347 0.482 0.540 0.590 0.579 0.539 0.496 0.435 0.256 0.233 1.335
4.000 130.000 -3.311 -3.012 -2.608 -2.389 -2.152 -1.740 -1.478 -1.069 -0.800 -0.423 -0.257 -0.045 0.060 0.173 0.307 0.437 0.492 0.537 0.524 0.482 0.438 0.376 0.198 0.176 1.293
4.000 140.000 -3.336 -3.037 -2.633 -2.415 -2.177 -1.766 -1.505 -1.097 -0.829 -0.454 -0.288 -0.078 0.026 0.137 0.268 0.394 0.445 0.485 0.470 0.426 0.382 0.319 0.142 0.120 1.252
4.000 150.000 -3.361 -3.064 -2.660 -2.441 -2.205 -1.794 -1.533 -1.127 -0.859 -0.485 -0.321 -0.112 -0.010 0.100 0.228 0.349 0.397 0.432 0.415 0.370 0.325 0.262 0.087 0.066 1.212
4.000 175.000 -3.424 -3.127 -2.724 -2.507 -2.271 -1.862 -1.602 -1.198 -0.932 -0.562 -0.400 -0.195 -0.096 0.010 0.131 0.241 0.280 0.304 0.283 0.235 0.189 0.126 -0.043 -0.064 1.116
4.000 200.000 -3.479 -3.184 -2.782 -2.565 -2.330 -1.923 -1.664 -1.262 -0.998 -0.632 -0.472 -0.271 -0.174 -0.072 0.042 0.141 0.173 0.186 0.161 0.111 0.064 0.001 -0.164 -0.184 1.028
4.000 250.000 -3.578 -3.284 -2.884 -2.669 -2.438 -2.033 -1.777 -1.379 -1.119 -0.758 -0.604 -0.411 -0.321 -0.228 -0.128 -0.050 -0.033 -0.037 -0.068 -0.120 -0.166 -0.226 -0.375 -0.394 0.866
4.000 300.000 -3.662 -3.369 -2.972 -2.758 -2.530 -2.127 -1.875 -1.479 -1.223 -0.869 -0.721 -0.536 -0.452 -0.368 -0.280 -0.222 -0.219 -0.237 -0.272 -0.324 -0.369 -0.425 -0.559 -0.577 0.727
4.000 350.000 -3.734 -3.443 -3.048 -2.835 -2.610 -2.209 -1.960 -1.568 -1.316 -0.968 -0.826 -0.649 -0.572 -0.497 -0.422 -0.383 -0.393 -0.422 -0.460 -0.513 -0.555 -0.607 -0.726 -0.742 0.602
4.000 400.000 -3.799 -3.510 -3.116 -2.904 -2.683 -2.283 -2.037 -1.649 -1.401 -1.059 -0.923 -0.754 -0.684 -0.619 -0.555 -0.535 -0.557 -0.596 -0.635 -0.688 -0.727 -0.775 -0.880 -0.895 0.483
4.000 450.000 -3.859 -3.571 -3.180 -2.970 -2.754 -2.355 -2.113 -1.728 -1.484 -1.147 -1.019 -0.858 -0.796 -0.740 -0.687 -0.686 -0.720 -0.764 -0.804 -0.855 -0.891 -0.933 -1.024 -1.038 0.371
4.000 500.000 -3.915 -3.627 -3.240 -3.030 -2.820 -2.421 -2.184 -1.801 -1.561 -1.230 -1.109 -0.956 -0.903 -0.855 -0.814 -0.830 -0.876 -0.923 -0.963 -1.012 -1.044 -1.081 -1.158 -1.171 0.267
4.000 600.000 -4.007 -3.721 -3.338 -3.131 -2.929 -2.532 -2.305 -1.931 -1.702 -1.390 -1.288 -1.157 -1.123 -1.099 -1.084 -1.138 -1.205 -1.244 -1.276 -1.313 -1.331 -1.353 -1.396 -1.406 0.076
4.000 700.000 -4.099 -3.814 -3.434 -3.229 -3.033 -2.639 -2.419 -2.052 -1.832 -1.534 -1.447 -1.333 -1.315 -1.309 -1.313 -1.394 -1.476 -1.515 -1.544 -1.578 -1.589 -1.602 -1.629 -1.638 -0.095
4.000 800.000 -4.183 -3.898 -3.521 -3.316 -3.127 -2.736 -2.523 -2.164 -1.955 -1.674 -1.602 -1.507 -1.505 -1.517 -1.540 -1.645 -1.743 -1.775 -1.799 -1.830 -1.836 -1.835 -1.844 -1.854 -0.253
4.000 1000.000 -4.358 -4.072 -3.697 -3.493 -3.312 -2.926 -2.724 -2.382 -2.191 -1.941 -1.896 -1.833 -1.858 -1.900 -1.953 -2.095 -2.216 -2.233 -2.250 -2.277 -2.276 -2.256 -2.242 -2.253 -0.533
4.000 1200.000 -4.504 -4.215 -3.841 -3.639 -3.465 -3.085 -2.897 -2.574 -2.405 -2.192 -2.177 -2.149 -2.202 -2.275 -2.359 -2.533 -2.672 -2.672 -2.682 -2.708 -2.700 -2.662 -2.626 -2.638 -0.799
4.000 1500.000 -4.728 -4.432 -4.055 -3.852 -3.688 -3.316 -3.147 -2.854 -2.717 -2.558 -2.586 -2.607 -2.700 -2.815 -2.939 -3.154 -3.320 -3.300 -3.303 -3.335 -3.321 -3.261 -3.202 -3.216 -1.180
4.500 0.000 -0.811 -0.500 -0.096 0.135 0.425 0.841 1.120 1.513 1.777 2.106 2.267 2.428 2.531 2.640 2.760 2.907 2.985 3.089 3.109 3.104 3.081 3.040 2.863 2.835 4.006
4.500 1.000 -0.876 -0.565 -0.163 0.068 0.357 0.774 1.052 1.444 1.709 2.037 2.199 2.358 2.461 2.571 2.695 2.841 2.923 3.027 3.047 3.043 3.024 2.979 2.800 2.773 3.938
4.500 5.000 -1.220 -0.912 -0.510 -0.281 -0.004 0.416 0.690 1.088 1.355 1.692 1.853 2.020 2.124 2.238 2.377 2.533 2.625 2.734 2.756 2.752 2.732 2.685 2.508 2.482 3.540
4.500 10.000 -1.500 -1.193 -0.791 -0.563 -0.297 0.125 0.396 0.797 1.064 1.406 1.563 1.735 1.837 1.949 2.090 2.246 2.336 2.442 2.460 2.451 2.428 2.380 2.206 2.181 3.225
4.500 15.000 -1.699 -1.393 -0.990 -0.763 -0.502 -0.080 0.189 0.591 0.857 1.200 1.355 1.529 1.628 1.737 1.876 2.027 2.113 2.212 2.227 2.213 2.187 2.137 1.964 1.940 2.993
4.500 20.000 -1.854 -1.549 -1.145 -0.919 -0.661 -0.240 0.029 0.431 0.696 1.039 1.193 1.367 1.464 1.571 1.707 1.855 1.937 2.029 2.041 2.024 1.995 1.943 1.772 1.748 2.812
4.500 25.000 -1.982 -1.678 -1.273 -1.048 -0.793 -0.372 -0.104 0.298 0.562 0.905 1.057 1.233 1.327 1.432 1.566 1.711 1.789 1.876 1.885 1.865 1.835 1.782 1.611 1.588 2.661
4.500 30.000 -2.088 -1.784 -1.379 -1.155 -0.902 -0.482 -0.215 0.188 0.451 0.795 0.945 1.121 1.214 1.317 1.449 1.591 1.666 1.750 1.756 1.734 1.702 1.649 1.479 1.456 2.539
4.500 40.000 -2.255 -1.952 -1.546 -1.322 -1.073 -0.654 -0.388 0.014 0.276 0.619 0.767 0.944 1.034 1.134 1.262 1.400 1.469 1.546 1.549 1.523 1.489 1.436 1.268 1.246 2.349
4.500 50.000 -2.385 -2.083 -1.676 -1.454 -1.207 -0.789 -0.524 -0.123 0.138 0.481 0.627 0.804 0.892 0.989 1.114 1.247 1.311 1.382 1.382 1.353 1.317 1.263 1.098 1.075 2.203
4.500 60.000 -2.460 -2.159 -1.752 -1.530 -1.283 -0.867 -0.602 -0.202 0.058 0.399 0.544 0.720 0.807 0.903 1.022 1.151 1.211 1.277 1.274 1.244 1.206 1.153 0.988 0.965 2.111
4.500 70.000 -2.509 -2.209 -1.803 -1.582 -1.337 -0.921 -0.657 -0.257 0.001 0.341 0.485 0.660 0.746 0.840 0.957 1.081 1.139 1.197 1.191 1.160 1.120 1.064 0.898 0.876 2.038
4.500 80.000 -2.543 -2.244 -1.839 -1.618 -1.374 -0.959 -0.695 -0.297 -0.039 0.299 0.443 0.616 0.700 0.793 0.907 1.027 1.082 1.133 1.125 1.091 1.051 0.992 0.825 0.804 1.981
4.500 90.000 -2.570 -2.272 -1.867 -1.647 -1.404 -0.989 -0.727 -0.330 -0.072 0.264 0.407 0.578 0.662 0.752 0.864 0.979 1.031 1.077 1.066 1.030 0.990 0.929 0.762 0.741 1.935
4.500 100.000 -2.595 -2.297 -1.894 -1.673 -1.431 -1.017 -0.755 -0.359 -0.103 0.232 0.374 0.543 0.626 0.715 0.824 0.934 0.984 1.024 1.011 0.973 0.933 0.870 0.703 0.683 1.893
4.500 110.000 -2.618 -2.320 -1.917 -1.698 -1.456 -1.043 -0.782 -0.387 -0.131 0.203 0.343 0.511 0.592 0.680 0.786 0.892 0.939 0.973 0.958 0.919 0.878 0.814 0.649 0.628 1.854
4.500 120.000 -2.639 -2.342 -1.939 -1.720 -1.479 -1.067 -0.806 -0.412 -0.157 0.175 0.314 0.480 0.560 0.646 0.750 0.851 0.895 0.925 0.908 0.868 0.827 0.761 0.597 0.577 1.817
4.500 130.000 -2.661 -2.365 -1.963 -1.744 -1.503 -1.092 -0.832 -0.439 -0.185 0.145 0.284 0.448 0.527 0.611 0.712 0.808 0.849 0.873 0.854 0.813 0.772 0.706 0.543 0.523 1.779
4.500 140.000 -2.684 -2.389 -1.987 -1.768 -1.528 -1.117 -0.857 -0.466 -0.213 0.116 0.253 0.416 0.494 0.576 0.674 0.765 0.803 0.823 0.802 0.759 0.718 0.651 0.490 0.471 1.742
4.500 150.000 -2.708 -2.413 -2.012 -1.793 -1.553 -1.144 -0.884 -0.494 -0.242 0.085 0.222 0.383 0.460 0.540 0.635 0.722 0.756 0.771 0.749 0.705 0.664 0.597 0.438 0.419 1.705
4.500 175.000 -2.765 -2.472 -2.071 -1.854 -1.615 -1.207 -0.950 -0.562 -0.311 0.012 0.146 0.303 0.377 0.453 0.540 0.616 0.643 0.648 0.622 0.576 0.534 0.468 0.315 0.296 1.616
4.500 200.000 -2.817 -2.524 -2.125 -1.909 -1.671 -1.265 -1.008 -0.623 -0.375 -0.055 0.077 0.229 0.301 0.372 0.453 0.519 0.538 0.534 0.504 0.457 0.414 0.349 0.202 0.184 1.535
4.500 250.000 -2.907 -2.616 -2.220 -2.005 -1.771 -1.368 -1.116 -0.734 -0.490 -0.177 -0.051 0.093 0.157 0.220 0.287 0.331 0.337 0.317 0.284 0.236 0.195 0.134 0.002 -0.014 1.385
4.500 300.000 -2.983 -2.694 -2.301 -2.088 -1.858 -1.457 -1.208 -0.830 -0.591 -0.284 -0.164 -0.028 0.029 0.083 0.138 0.162 0.156 0.124 0.088 0.040 0.002 -0.055 -0.171 -0.186 1.254
4.500 350.000 -3.050 -2.763 -2.371 -2.160 -1.934 -1.535 -1.289 -0.916 -0.680 -0.380 -0.267 -0.138 -0.088 -0.043 -0.001 0.005 -0.013 -0.054 -0.092 -0.139 -0.174 -0.226 -0.328 -0.342 1.137
4.500 400.000 -3.110 -2.824 -2.435 -2.225 -2.002 -1.605 -1.363 -0.994 -0.762 -0.469 -0.362 -0.241 -0.198 -0.162 -0.131 -0.143 -0.172 -0.220 -0.258 -0.303 -0.335 -0.383 -0.471 -0.483 1.030
4.500 450.000 -3.165 -2.881 -2.496 -2.287 -2.070 -1.674 -1.437 -1.070 -0.843 -0.555 -0.455 -0.343 -0.307 -0.281 -0.260 -0.289 -0.329 -0.380 -0.418 -0.462 -0.490 -0.531 -0.606 -0.618 0.925
4.500 500.000 -3.217 -2.933 -2.552 -2.344 -2.133 -1.737 -1.505 -1.141 -0.918 -0.636 -0.544 -0.440 -0.412 -0.394 -0.384 -0.429 -0.479 -0.531 -0.569 -0.610 -0.634 -0.670 -0.732 -0.744 0.827
4.500 600.000 -3.303 -3.021 -2.645 -2.440 -2.238 -1.845 -1.623 -1.268 -1.056 -0.792 -0.718 -0.635 -0.626 -0.630 -0.644 -0.722 -0.791 -0.833 -0.862 -0.892 -0.903 -0.924 -0.957 -0.965 0.650
4.500 700.000 -3.387 -3.107 -2.735 -2.532 -2.337 -1.947 -1.733 -1.387 -1.185 -0.935 -0.876 -0.811 -0.817 -0.838 -0.871 -0.973 -1.057 -1.094 -1.119 -1.144 -1.149 -1.159 -1.174 -1.183 0.491
4.500 800.000 -3.468 -3.189 -2.819 -2.618 -2.430 -2.043 -1.836 -1.498 -1.305 -1.071 -1.026 -0.977 -0.997 -1.035 -1.084 -1.206 -1.303 -1.332 -1.352 -1.374 -1.375 -1.374 -1.375 -1.384 0.344
4.500 1000.000 -3.632 -3.352 -2.987 -2.787 -2.609 -2.227 -2.033 -1.712 -1.538 -1.334 -1.315 -1.297 -1.343 -1.409 -1.486 -1.639 -1.756 -1.765 -1.778 -1.796 -1.790 -1.769 -1.748 -1.760 0.082
4.500 1200.000 -3.769 -3.488 -3.124 -2.926 -2.756 -2.382 -2.202 -1.901 -1.748 -1.580 -1.590 -1.606 -1.678 -1.772 -1.878 -2.058 -2.192 -2.184 -2.189 -2.208 -2.195 -2.157 -2.118 -2.130 -0.166
4.500 1500.000 -3.978 -3.692 -3.327 -3.130 -2.971 -2.608 -2.448 -2.178 -2.057 -1.944 -1.996 -2.057 -2.167 -2.300 -2.441 -2.656 -2.815 -2.782 -2.780 -2.805 -2.787 -2.726 -2.664 -2.679 -0.520
5.000 0.000 -0.387 -0.085 0.310 0.535 0.818 1.220 1.486 1.848 2.085 2.363 2.496 2.623 2.709 2.801 2.906 3.035 3.106 3.188 3.199 3.188 3.159 3.115 2.945 2.919 4.207
5.000 1.000 -0.432 -0.130 0.263 0.487 0.770 1.173 1.438 1.799 2.037 2.314 2.447 2.571 2.657 2.750 2.857 2.984 3.057 3.139 3.149 3.138 3.113 3.063 2.891 2.865 4.159
5.000 5.000 -0.696 -0.395 -0.004 0.220 0.494 0.900 1.162 1.525 1.765 2.047 2.180 2.309 2.396 2.491 2.610 2.744 2.825 2.914 2.928 2.918 2.896 2.843 2.671 2.646 3.853
5.000 10.000 -0.944 -0.645 -0.254 -0.032 0.234 0.641 0.900 1.267 1.506 1.792 1.922 2.055 2.140 2.234 2.354 2.489 2.568 2.655 2.666 2.653 2.629 2.575 2.406 2.382 3.568
5.000 15.000 -1.126 -0.828 -0.436 -0.214 0.047 0.454 0.711 1.079 1.317 1.604 1.732 1.867 1.949 2.040 2.159 2.290 2.365 2.446 2.453 2.437 2.411 2.355 2.188 2.165 3.355
5.000 20.000 -1.265 -0.968 -0.575 -0.354 -0.097 0.309 0.566 0.934 1.171 1.458 1.585 1.720 1.800 1.889 2.004 2.131 2.203 2.277 2.282 2.263 2.235 2.179 2.014 1.992 3.191
5.000 25.000 -1.381 -1.084 -0.691 -0.471 -0.217 0.189 0.445 0.812 1.049 1.336 1.461 1.596 1.675 1.761 1.874 1.997 2.066 2.134 2.136 2.115 2.085 2.028 1.865 1.843 3.052
5.000 30.000 -1.478 -1.182 -0.789 -0.569 -0.317 0.088 0.343 0.711 0.947 1.234 1.357 1.493 1.570 1.655 1.766 1.886 1.951 2.015 2.015 1.991 1.961 1.902 1.742 1.720 2.939
5.000 40.000 -1.632 -1.337 -0.943 -0.725 -0.477 -0.073 0.181 0.548 0.783 1.070 1.191 1.327 1.402 1.483 1.590 1.705 1.765 1.823 1.819 1.793 1.760 1.701 1.544 1.523 2.763
5.000 50.000 -1.754 -1.460 -1.066 -0.849 -0.604 -0.201 0.052 0.419 0.652 0.939 1.058 1.195 1.267 1.346 1.449 1.560 1.615 1.668 1.661 1.632 1.599 1.539 1.384 1.363 2.626
5.000 60.000 -1.825 -1.532 -1.138 -0.922 -0.676 -0.275 -0.023 0.343 0.576 0.861 0.979 1.115 1.186 1.263 1.362 1.469 1.520 1.568 1.559 1.528 1.493 1.434 1.279 1.258 2.540
5.000 70.000 -1.871 -1.580 -1.187 -0.971 -0.727 -0.327 -0.075 0.290 0.521 0.806 0.922 1.057 1.127 1.203 1.299 1.402 1.451 1.490 1.479 1.447 1.411 1.349 1.193 1.173 2.472
5.000 80.000 -1.902 -1.611 -1.218 -1.003 -0.761 -0.361 -0.111 0.253 0.484 0.767 0.883 1.015 1.084 1.158 1.252 1.349 1.396 1.429 1.415 1.382 1.345 1.281 1.125 1.106 2.419
5.000 90.000 -1.927 -1.636 -1.245 -1.030 -0.789 -0.389 -0.140 0.223 0.453 0.734 0.849 0.980 1.047 1.120 1.211 1.304 1.348 1.375 1.359 1.324 1.287 1.220 1.065 1.046 2.376
5.000 100.000 -1.949 -1.660 -1.269 -1.055 -0.814 -0.416 -0.167 0.194 0.424 0.704 0.817 0.946 1.013 1.084 1.173 1.260 1.302 1.324 1.306 1.269 1.232 1.164 1.009 0.990 2.337
5.000 110.000 -1.970 -1.681 -1.291 -1.077 -0.838 -0.440 -0.192 0.169 0.397 0.675 0.788 0.915 0.981 1.050 1.136 1.219 1.258 1.275 1.255 1.217 1.181 1.111 0.957 0.939 2.301
5.000 120.000 -1.989 -1.701 -1.311 -1.098 -0.859 -0.462 -0.215 0.145 0.373 0.649 0.761 0.887 0.951 1.019 1.102 1.181 1.217 1.230 1.208 1.169 1.132 1.062 0.909 0.891 2.268
5.000 130.000 -2.010 -1.722 -1.333 -1.120 -0.881 -0.485 -0.239 0.119 0.346 0.621 0.732 0.856 0.919 0.985 1.065 1.139 1.173 1.181 1.157 1.117 1.080 1.009 0.857 0.840 2.233
5.000 140.000 -2.031 -1.744 -1.356 -1.143 -0.904 -0.509 -0.263 0.094 0.320 0.593 0.703 0.825 0.887 0.951 1.028 1.098 1.128 1.131 1.106 1.065 1.028 0.957 0.808 0.790 2.199
5.000 150.000 -2.052 -1.766 -1.378 -1.166 -0.928 -0.534 -0.289 0.067 0.292 0.564 0.673 0.794 0.854 0.916 0.990 1.055 1.083 1.082 1.055 1.014 0.976 0.906 0.759 0.742 2.165
5.000 175.000 -2.105 -1.820 -1.434 -1.222 -0.986 -0.594 -0.350 0.003 0.226 0.494 0.601 0.717 0.774 0.832 0.899 0.953 0.973 0.962 0.933 0.890 0.852 0.783 0.642 0.626 2.083
5.000 200.000 -2.152 -1.868 -1.483 -1.273 -1.038 -0.647 -0.405 -0.054 0.166 0.431 0.534 0.646 0.700 0.754 0.814 0.857 0.870 0.851 0.819 0.775 0.738 0.670 0.536 0.520 2.008
5.000 250.000 -2.235 -1.953 -1.572 -1.363 -1.133 -0.745 -0.507 -0.161 0.056 0.313 0.411 0.514 0.561 0.605 0.652 0.675 0.675 0.642 0.607 0.563 0.529 0.465 0.346 0.332 1.868
5.000 300.000 -2.304 -2.025 -1.647 -1.440 -1.214 -0.829 -0.594 -0.252 -0.040 0.211 0.302 0.397 0.437 0.472 0.507 0.510 0.498 0.455 0.418 0.376 0.345 0.285 0.182 0.169 1.745
5.000 350.000 -2.367 -2.089 -1.713 -1.508 -1.286 -0.904 -0.673 -0.335 -0.127 0.117 0.202 0.289 0.323 0.348 0.371 0.357 0.335 0.284 0.246 0.206 0.177 0.123 0.034 0.022 1.637
5.000 400.000 -2.423 -2.147 -1.774 -1.570 -1.352 -0.972 -0.745 -0.411 -0.207 0.030 0.109 0.189 0.215 0.232 0.244 0.213 0.182 0.126 0.089 0.050 0.026 -0.023 -0.099 -0.110 1.542
5.000 450.000 -2.475 -2.201 -1.831 -1.629 -1.417 -1.037 -0.815 -0.484 -0.285 -0.053 0.019 0.090 0.109 0.117 0.119 0.072 0.031 -0.026 -0.063 -0.099 -0.120 -0.163 -0.226 -0.236 1.444
5.000 500.000 -2.523 -2.251 -1.885 -1.684 -1.477 -1.098 -0.881 -0.554 -0.358 -0.132 -0.068 -0.005 0.007 0.006 -0.001 -0.063 -0.113 -0.170 -0.205 -0.239 -0.256 -0.293 -0.344 -0.355 1.353
5.000 600.000 -2.604 -2.333 -1.974 -1.775 -1.578 -1.203 -0.996 -0.678 -0.493 -0.285 -0.237 -0.196 -0.202 -0.223 -0.254 -0.345 -0.412 -0.455 -0.482 -0.504 -0.508 -0.532 -0.556 -0.564 1.188
5.000 700.000 -2.684 -2.415 -2.060 -1.864 -1.675 -1.302 -1.103 -0.793 -0.617 -0.422 -0.389 -0.363 -0.383 -0.421 -0.468 -0.580 -0.661 -0.697 -0.719 -0.737 -0.737 -0.749 -0.758 -0.767 1.040
5.000 800.000 -2.760 -2.492 -2.141 -1.947 -1.765 -1.395 -1.204 -0.902 -0.736 -0.556 -0.536 -0.526 -0.560 -0.613 -0.676 -0.805 -0.897 -0.923 -0.941 -0.956 -0.950 -0.952 -0.948 -0.957 0.903
5.000 1000.000 -2.916 -2.648 -2.301 -2.109 -1.937 -1.574 -1.396 -1.111 -0.963 -0.813 -0.819 -0.838 -0.895 -0.974 -1.063 -1.218 -1.329 -1.332 -1.342 -1.353 -1.341 -1.323 -1.299 -1.311 0.658
5.000 1200.000 -3.045 -2.777 -2.433 -2.243 -2.081 -1.725 -1.562 -1.296 -1.169 -1.053 -1.086 -1.136 -1.218 -1.323 -1.438 -1.617 -1.746 -1.731 -1.734 -1.747 -1.731 -1.695 -1.653 -1.667 0.429
5.000 1500.000 -3.243 -2.970 -2.627 -2.439 -2.289 -1.945 -1.803 -1.568 -1.473 -1.409 -1.482 -1.575 -1.692 -1.833 -1.980 -2.187 -2.338 -2.295 -2.291 -2.309 -2.288 -2.230 -2.168 -2.184 0.100
5.500 0.000 0.031 0.318 0.692 0.905 1.170 1.547 1.787 2.108 2.313 2.545 2.653 2.758 2.832 2.913 3.010 3.127 3.191 3.260 3.265 3.251 3.218 3.172 3.012 2.986 4.347
5.500 1.000 -0.000 0.286 0.657 0.870 1.134 1.512 1.752 2.072 2.278 2.507 2.616 2.718 2.793 2.874 2.972 3.086 3.151 3.219 3.223 3.208 3.178 3.127 2.964 2.938 4.314
5.500 5.000 -0.188 0.098 0.467 0.680 0.942 1.321 1.559 1.879 2.087 2.317 2.427 2.529 2.605 2.689 2.793 2.911 2.981 3.054 3.060 3.046 3.022 2.965 2.799 2.774 4.106
5.500 10.000 -0.397 -0.113 0.256 0.468 0.723 1.103 1.340 1.661 1.868 2.102 2.210 2.314 2.389 2.471 2.577 2.695 2.764 2.836 2.841 2.826 2.801 2.743 2.579 2.555 3.863
5.500 15.000 -0.559 -0.275 0.095 0.305 0.557 0.936 1.172 1.494 1.700 1.934 2.040 2.146 2.219 2.299 2.402 2.518 2.584 2.650 2.652 2.635 2.609 2.550 2.389 2.366 3.673
5.500 20.000 -0.682 -0.400 -0.030 0.180 0.428 0.807 1.041 1.363 1.569 1.804 1.908 2.014 2.085 2.162 2.263 2.374 2.437 2.498 2.497 2.478 2.450 2.390 2.233 2.210 3.526
5.500 25.000 -0.786 -0.504 -0.134 0.075 0.320 0.699 0.932 1.254 1.459 1.693 1.796 1.902 1.971 2.046 2.144 2.251 2.310 2.365 2.362 2.340 2.312 2.251 2.096 2.075 3.400
5.500 30.000 -0.874 -0.593 -0.223 -0.015 0.227 0.606 0.838 1.160 1.364 1.599 1.700 1.806 1.874 1.947 2.044 2.147 2.204 2.255 2.249 2.226 2.197 2.135 1.983 1.961 3.296
5.500 40.000 -1.013 -0.733 -0.364 -0.156 0.081 0.459 0.689 1.012 1.215 1.450 1.548 1.654 1.720 1.790 1.882 1.981 2.032 2.076 2.067 2.042 2.011 1.949 1.800 1.779 3.134
5.500 50.000 -1.125 -0.847 -0.477 -0.271 -0.037 0.340 0.569 0.891 1.093 1.328 1.424 1.531 1.594 1.662 1.751 1.845 1.892 1.932 1.920 1.893 1.862 1.798 1.652 1.631 3.007
5.500 60.000 -1.192 -0.914 -0.545 -0.339 -0.106 0.270 0.498 0.820 1.021 1.255 1.350 1.456 1.518 1.584 1.669 1.760 1.803 1.838 1.824 1.795 1.762 1.699 1.553 1.532 2.929
5.500 70.000 -1.233 -0.956 -0.589 -0.384 -0.152 0.223 0.450 0.771 0.971 1.204 1.298 1.403 1.464 1.528 1.611 1.697 1.739 1.766 1.749 1.720 1.686 1.619 1.473 1.453 2.865
5.500 80.000 -1.260 -0.984 -0.617 -0.413 -0.183 0.191 0.417 0.737 0.937 1.169 1.262 1.365 1.424 1.487 1.567 1.648 1.687 1.708 1.690 1.658 1.624 1.556 1.409 1.390 2.816
5.500 90.000 -1.282 -1.007 -0.641 -0.437 -0.209 0.165 0.390 0.709 0.908 1.138 1.230 1.331 1.390 1.451 1.529 1.605 1.641 1.657 1.636 1.604 1.569 1.499 1.353 1.334 2.777
5.500 100.000 -1.302 -1.028 -0.663 -0.460 -0.232 0.141 0.365 0.683 0.881 1.110 1.201 1.300 1.358 1.417 1.492 1.564 1.598 1.608 1.586 1.552 1.518 1.446 1.301 1.282 2.740
5.500 110.000 -1.320 -1.046 -0.683 -0.480 -0.253 0.119 0.342 0.659 0.857 1.085 1.174 1.272 1.328 1.385 1.458 1.525 1.557 1.562 1.538 1.503 1.469 1.396 1.252 1.234 2.708
5.500 120.000 -1.337 -1.064 -0.701 -0.499 -0.273 0.099 0.321 0.637 0.834 1.060 1.149 1.245 1.300 1.356 1.426 1.488 1.517 1.519 1.493 1.457 1.423 1.349 1.206 1.188 2.678
5.500 130.000 -1.356 -1.083 -0.721 -0.519 -0.294 0.077 0.298 0.613 0.809 1.034 1.121 1.216 1.269 1.323 1.390 1.448 1.474 1.471 1.444 1.407 1.373 1.299 1.158 1.140 2.647
5.500 140.000 -1.375 -1.103 -0.742 -0.540 -0.316 0.054 0.275 0.589 0.784 1.007 1.094 1.186 1.239 1.291 1.355 1.408 1.431 1.424 1.395 1.358 1.324 1.250 1.111 1.094 2.616
5.500 150.000 -1.395 -1.124 -0.763 -0.562 -0.338 0.031 0.251 0.564 0.758 0.980 1.066 1.156 1.208 1.258 1.319 1.368 1.388 1.377 1.347 1.309 1.275 1.201 1.065 1.047 2.585
5.500 175.000 -1.444 -1.174 -0.815 -0.615 -0.393 -0.025 0.193 0.503 0.695 0.914 0.997 1.083 1.131 1.176 1.230 1.268 1.281 1.262 1.229 1.191 1.158 1.085 0.955 0.938 2.510
5.500 200.000 -1.486 -1.217 -0.860 -0.661 -0.441 -0.075 0.141 0.449 0.639 0.853 0.933 1.015 1.060 1.101 1.147 1.175 1.181 1.154 1.120 1.081 1.049 0.978 0.855 0.839 2.440
5.500 250.000 -1.563 -1.296 -0.943 -0.746 -0.531 -0.168 0.044 0.348 0.533 0.741 0.815 0.888 0.925 0.957 0.991 0.997 0.992 0.952 0.915 0.878 0.849 0.782 0.675 0.660 2.308
5.500 300.000 -1.628 -1.364 -1.014 -0.819 -0.608 -0.247 -0.039 0.260 0.441 0.642 0.710 0.775 0.805 0.827 0.849 0.836 0.820 0.772 0.735 0.699 0.673 0.611 0.519 0.506 2.193
5.500 350.000 -1.686 -1.424 -1.077 -0.884 -0.677 -0.319 -0.115 0.181 0.357 0.552 0.613 0.670 0.693 0.706 0.716 0.687 0.661 0.608 0.570 0.537 0.514 0.458 0.379 0.367 2.096
5.500 400.000 -1.739 -1.479 -1.134 -0.942 -0.739 -0.384 -0.183 0.108 0.280 0.468 0.523 0.572 0.588 0.592 0.592 0.547 0.513 0.455 0.419 0.388 0.370 0.319 0.253 0.242 2.007
5.500 450.000 -1.788 -1.530 -1.188 -0.998 -0.800 -0.446 -0.250 0.037 0.206 0.387 0.436 0.476 0.485 0.481 0.470 0.411 0.368 0.310 0.275 0.247 0.232 0.187 0.133 0.122 1.916
5.500 500.000 -1.834 -1.577 -1.239 -1.050 -0.857 -0.504 -0.313 -0.029 0.136 0.311 0.353 0.385 0.387 0.374 0.354 0.281 0.230 0.174 0.140 0.115 0.104 0.065 0.022 0.011 1.831
5.500 600.000 -1.911 -1.656 -1.324 -1.138 -0.954 -0.604 -0.423 -0.149 0.005 0.163 0.188 0.200 0.185 0.152 0.110 0.011 -0.056 -0.097 -0.121 -0.135 -0.134 -0.160 -0.177 -0.186 1.679
5.500 700.000 -1.988 -1.735 -1.407 -1.223 -1.046 -0.700 -0.526 -0.260 -0.115 0.029 0.041 0.038 0.011 -0.037 -0.095 -0.211 -0.289 -0.321 -0.341 -0.350 -0.345 -0.360 -0.364 -0.374 1.543
5.500 800.000 -2.062 -1.810 -1.486 -1.303 -1.134 -0.791 -0.625 -0.366 -0.230 -0.101 -0.102 -0.120 -0.160 -0.223 -0.296 -0.427 -0.515 -0.536 -0.551 -0.557 -0.547 -0.551 -0.543 -0.553 1.417
5.500 1000.000 -2.210 -1.959 -1.639 -1.459 -1.300 -0.964 -0.811 -0.570 -0.451 -0.350 -0.375 -0.421 -0.483 -0.570 -0.666 -0.819 -0.925 -0.922 -0.930 -0.933 -0.919 -0.902 -0.876 -0.890 1.190
5.500 1200.000 -2.331 -2.079 -1.763 -1.586 -1.437 -1.109 -0.970 -0.749 -0.651 -0.584 -0.635 -0.710 -0.796 -0.908 -1.029 -1.201 -1.322 -1.298 -1.299 -1.304 -1.284 -1.251 -1.208 -1.224 0.979
5.500 1500.000 -2.518 -2.263 -1.949 -1.774 -1.639 -1.323 -1.206 -1.015 -0.948 -0.930 -1.019 -1.133 -1.251 -1.395 -1.544 -1.737 -1.877 -1.824 -1.818 -1.828 -1.805 -1.750 -1.689 -1.707 0.676
6.000 0.000 0.433 0.698 1.042 1.238 1.480 1.821 2.031 2.306 2.480 2.670 2.762 2.851 2.919 2.993 3.084 3.192 3.251 3.309 3.309 3.294 3.259 3.212 3.058 3.033 4.461
6.000 1.000 0.408 0.674 1.014 1.210 1.452 1.794 2.004 2.277 2.452 2.641 2.733 2.819 2.888 2.962 3.053 3.159 3.217 3.275 3.274 3.257 3.225 3.172 3.015 2.990 4.436
6.000 5.000 0.279 0.544 0.882 1.078 1.322 1.663 1.873 2.144 2.320 2.507 2.600 2.683 2.754 2.828 2.921 3.027 3.086 3.148 3.148 3.131 3.103 3.047 2.887 2.861 4.302
6.000 10.000 0.116 0.380 0.718 0.914 1.154 1.496 1.704 1.975 2.151 2.338 2.430 2.512 2.582 2.654 2.746 2.850 2.907 2.968 2.967 2.950 2.923 2.867 2.711 2.686 4.116
6.000 15.000 -0.021 0.242 0.580 0.775 1.012 1.353 1.561 1.832 2.007 2.194 2.285 2.368 2.436 2.506 2.596 2.697 2.751 2.808 2.805 2.786 2.758 2.702 2.549 2.525 3.956
6.000 20.000 -0.131 0.131 0.469 0.663 0.898 1.238 1.445 1.716 1.891 2.078 2.167 2.251 2.317 2.385 2.473 2.571 2.621 2.673 2.669 2.648 2.618 2.562 2.412 2.389 3.829
6.000 25.000 -0.223 0.039 0.377 0.570 0.801 1.142 1.348 1.619 1.792 1.980 2.067 2.151 2.215 2.281 2.366 2.459 2.506 2.553 2.545 2.523 2.493 2.436 2.289 2.267 3.715
6.000 30.000 -0.303 -0.042 0.296 0.489 0.717 1.057 1.262 1.533 1.706 1.894 1.980 2.064 2.127 2.190 2.274 2.364 2.408 2.451 2.441 2.418 2.386 2.328 2.184 2.162 3.620
6.000 40.000 -0.432 -0.172 0.166 0.357 0.581 0.921 1.123 1.395 1.567 1.756 1.839 1.924 1.984 2.045 2.125 2.210 2.249 2.286 2.272 2.246 2.214 2.155 2.014 1.992 3.472
6.000 50.000 -0.535 -0.277 0.060 0.251 0.470 0.810 1.011 1.283 1.454 1.643 1.724 1.809 1.867 1.926 2.004 2.085 2.120 2.152 2.136 2.108 2.075 2.015 1.877 1.855 3.355
6.000 60.000 -0.596 -0.338 -0.002 0.188 0.407 0.745 0.945 1.217 1.387 1.576 1.656 1.740 1.798 1.855 1.929 2.007 2.039 2.066 2.048 2.019 1.985 1.924 1.786 1.764 3.283
6.000 70.000 -0.634 -0.377 -0.042 0.147 0.363 0.701 0.900 1.172 1.341 1.530 1.609 1.692 1.748 1.804 1.876 1.949 1.980 1.999 1.979 1.950 1.914 1.851 1.712 1.691 3.224
6.000 80.000 -0.658 -0.402 -0.069 0.120 0.334 0.672 0.870 1.141 1.310 1.497 1.575 1.657 1.711 1.766 1.836 1.905 1.933 1.947 1.924 1.893 1.857 1.792 1.653 1.633 3.180
6.000 90.000 -0.677 -0.422 -0.090 0.098 0.311 0.649 0.845 1.115 1.283 1.470 1.546 1.626 1.680 1.733 1.801 1.864 1.891 1.899 1.875 1.842 1.806 1.739 1.601 1.581 3.143
6.000 100.000 -0.695 -0.440 -0.109 0.078 0.290 0.627 0.822 1.092 1.259 1.445 1.520 1.599 1.651 1.702 1.768 1.827 1.851 1.855 1.828 1.795 1.759 1.691 1.554 1.534 3.111
6.000 110.000 -0.711 -0.457 -0.127 0.060 0.270 0.607 0.801 1.070 1.237 1.421 1.496 1.572 1.623 1.672 1.735 1.790 1.811 1.811 1.783 1.749 1.713 1.644 1.508 1.488 3.081
6.000 120.000 -0.725 -0.472 -0.143 0.044 0.253 0.589 0.783 1.050 1.216 1.399 1.473 1.547 1.597 1.645 1.705 1.755 1.774 1.769 1.740 1.705 1.670 1.600 1.466 1.446 3.055
6.000 130.000 -0.743 -0.490 -0.162 0.025 0.233 0.569 0.761 1.028 1.193 1.375 1.447 1.520 1.568 1.614 1.671 1.716 1.732 1.724 1.693 1.658 1.623 1.552 1.421 1.401 3.026
6.000 140.000 -0.761 -0.509 -0.182 0.004 0.212 0.547 0.739 1.004 1.169 1.349 1.420 1.491 1.539 1.582 1.637 1.678 1.691 1.678 1.647 1.611 1.576 1.506 1.376 1.357 2.996
6.000 150.000 -0.779 -0.528 -0.201 -0.016 0.191 0.525 0.716 0.981 1.145 1.324 1.394 1.463 1.509 1.551 1.603 1.639 1.649 1.633 1.600 1.564 1.530 1.459 1.332 1.313 2.968
6.000 175.000 -0.823 -0.573 -0.248 -0.064 0.141 0.473 0.662 0.925 1.087 1.262 1.329 1.394 1.436 1.473 1.518 1.543 1.547 1.522 1.488 1.452 1.418 1.349 1.230 1.212 2.900
6.000 200.000 -0.863 -0.614 -0.292 -0.108 0.094 0.426 0.612 0.873 1.032 1.204 1.268 1.329 1.368 1.400 1.438 1.452 1.450 1.418 1.382 1.346 1.314 1.246 1.134 1.117 2.836
6.000 250.000 -0.934 -0.688 -0.369 -0.188 0.010 0.339 0.521 0.777 0.933 1.098 1.156 1.207 1.239 1.262 1.286 1.280 1.266 1.224 1.186 1.152 1.123 1.060 0.963 0.947 2.715
6.000 300.000 -0.999 -0.755 -0.439 -0.259 -0.065 0.260 0.440 0.692 0.843 1.002 1.054 1.098 1.123 1.136 1.150 1.126 1.102 1.053 1.014 0.982 0.957 0.899 0.815 0.801 2.611
6.000 350.000 -1.053 -0.811 -0.498 -0.320 -0.130 0.193 0.369 0.617 0.764 0.916 0.961 0.996 1.014 1.018 1.020 0.980 0.947 0.894 0.856 0.827 0.806 0.753 0.684 0.670 2.519
6.000 400.000 -1.103 -0.863 -0.552 -0.375 -0.190 0.131 0.303 0.547 0.690 0.835 0.874 0.901 0.912 0.907 0.898 0.844 0.802 0.747 0.711 0.685 0.667 0.621 0.564 0.552 2.437
6.000 450.000 -1.151 -0.912 -0.605 -0.429 -0.248 0.071 0.238 0.479 0.618 0.757 0.790 0.808 0.813 0.799 0.780 0.712 0.663 0.608 0.573 0.551 0.537 0.496 0.451 0.439 2.353
6.000 500.000 -1.197 -0.959 -0.654 -0.481 -0.303 0.014 0.178 0.415 0.550 0.682 0.708 0.719 0.717 0.695 0.667 0.587 0.530 0.478 0.446 0.426 0.416 0.381 0.346 0.334 2.276
6.000 600.000 -1.271 -1.035 -0.735 -0.564 -0.395 -0.081 0.073 0.300 0.425 0.540 0.550 0.542 0.523 0.482 0.433 0.331 0.261 0.225 0.202 0.194 0.195 0.173 0.160 0.150 2.138
6.000 700.000 -1.347 -1.113 -0.817 -0.648 -0.486 -0.176 -0.028 0.191 0.308 0.409 0.407 0.384 0.353 0.298 0.234 0.116 0.036 0.010 -0.008 -0.012 -0.007 -0.018 -0.017 -0.028 2.010
6.000 800.000 -1.414 -1.182 -0.889 -0.722 -0.566 -0.260 -0.120 0.091 0.198 0.284 0.270 0.232 0.188 0.119 0.040 -0.090 -0.178 -0.191 -0.204 -0.203 -0.194 -0.194 -0.182 -0.194 1.894
6.000 1000.000 -1.553 -1.322 -1.034 -0.869 -0.724 -0.425 -0.298 -0.104 -0.014 0.045 0.007 -0.058 -0.122 -0.215 -0.316 -0.464 -0.568 -0.557 -0.563 -0.560 -0.547 -0.527 -0.498 -0.514 1.686
6.000 1200.000 -1.671 -1.440 -1.155 -0.993 -0.858 -0.567 -0.455 -0.280 -0.209 -0.183 -0.246 -0.338 -0.425 -0.540 -0.662 -0.826 -0.943 -0.910 -0.910 -0.908 -0.891 -0.855 -0.810 -0.828 1.488
6.000 1500.000 -1.850 -1.616 -1.333 -1.175 -1.054 -0.776 -0.684 -0.538 -0.498 -0.518 -0.617 -0.744 -0.861 -1.006 -1.153 -1.334 -1.470 -1.408 -1.401 -1.406 -1.386 -1.327 -1.266 -1.287 1.207
6.500 0.000 0.804 1.044 1.351 1.527 1.746 2.043 2.223 2.451 2.598 2.755 2.838 2.916 2.982 3.051 3.137 3.241 3.296 3.348 3.345 3.330 3.293 3.245 3.095 3.070 4.565
6.500 1.000 0.784 1.024 1.328 1.504 1.723 2.021 2.200 2.427 2.575 2.731 2.814 2.889 2.957 3.025 3.112 3.214 3.268 3.320 3.316 3.299 3.264 3.211 3.057 3.032 4.544
6.500 5.000 0.691 0.931 1.232 1.409 1.631 1.928 2.108 2.332 2.481 2.633 2.717 2.788 2.856 2.924 3.011 3.111 3.163 3.219 3.215 3.198 3.167 3.111 2.955 2.929 4.457
6.500 10.000 0.572 0.811 1.112 1.288 1.509 1.806 1.986 2.208 2.356 2.506 2.589 2.657 2.724 2.789 2.873 2.968 3.017 3.072 3.069 3.052 3.022 2.969 2.819 2.793 4.325
6.500 15.000 0.459 0.697 0.998 1.174 1.393 1.690 1.869 2.091 2.238 2.388 2.469 2.538 2.604 2.667 2.748 2.841 2.886 2.940 2.935 2.917 2.887 2.835 2.686 2.662 4.199
6.500 20.000 0.363 0.601 0.901 1.076 1.294 1.590 1.768 1.990 2.137 2.287 2.367 2.436 2.500 2.562 2.641 2.732 2.774 2.824 2.818 2.798 2.767 2.715 2.569 2.544 4.092
6.500 25.000 0.280 0.517 0.817 0.991 1.206 1.502 1.679 1.901 2.048 2.198 2.277 2.346 2.409 2.469 2.546 2.633 2.673 2.718 2.709 2.688 2.656 2.603 2.459 2.435 3.993
6.500 30.000 0.207 0.443 0.743 0.917 1.129 1.425 1.601 1.823 1.969 2.120 2.198 2.267 2.329 2.388 2.464 2.548 2.585 2.626 2.616 2.593 2.561 2.506 2.365 2.341 3.909
6.500 40.000 0.088 0.323 0.623 0.796 1.003 1.299 1.473 1.696 1.842 1.994 2.069 2.139 2.199 2.255 2.328 2.408 2.441 2.476 2.462 2.437 2.403 2.347 2.208 2.185 3.774
6.500 50.000 -0.008 0.226 0.526 0.698 0.901 1.197 1.369 1.593 1.738 1.890 1.964 2.034 2.092 2.146 2.217 2.293 2.323 2.353 2.337 2.310 2.276 2.219 2.083 2.060 3.667
6.500 60.000 -0.063 0.171 0.469 0.640 0.842 1.137 1.309 1.532 1.676 1.829 1.902 1.972 2.029 2.081 2.150 2.223 2.250 2.276 2.257 2.231 2.194 2.137 2.001 1.979 3.601
6.500 70.000 -0.097 0.135 0.432 0.602 0.801 1.097 1.267 1.491 1.634 1.787 1.859 1.928 1.984 2.036 2.102 2.172 2.197 2.216 2.194 2.167 2.129 2.069 1.933 1.911 3.548
6.500 80.000 -0.119 0.113 0.408 0.578 0.775 1.070 1.239 1.463 1.606 1.758 1.829 1.896 1.951 2.002 2.067 2.131 2.155 2.168 2.144 2.115 2.077 2.015 1.878 1.857 3.507
6.500 90.000 -0.136 0.095 0.389 0.558 0.754 1.049 1.217 1.440 1.582 1.734 1.804 1.870 1.923 1.972 2.035 2.095 2.117 2.125 2.099 2.069 2.031 1.967 1.831 1.810 3.475
6.500 100.000 -0.151 0.079 0.372 0.541 0.735 1.030 1.196 1.419 1.561 1.712 1.780 1.844 1.897 1.944 2.005 2.061 2.080 2.084 2.056 2.025 1.987 1.922 1.788 1.766 3.445
6.500 110.000 -0.165 0.064 0.356 0.525 0.718 1.012 1.178 1.400 1.541 1.691 1.758 1.821 1.872 1.917 1.975 2.026 2.043 2.042 2.013 1.982 1.944 1.878 1.745 1.724 3.420
6.500 120.000 -0.178 0.051 0.342 0.510 0.702 0.996 1.161 1.381 1.523 1.671 1.737 1.798 1.848 1.891 1.947 1.994 2.008 2.003 1.973 1.940 1.903 1.836 1.705 1.684 3.396
6.500 130.000 -0.194 0.034 0.324 0.492 0.683 0.976 1.140 1.360 1.501 1.648 1.713 1.772 1.821 1.862 1.915 1.957 1.968 1.960 1.928 1.895 1.858 1.791 1.663 1.642 3.369
6.500 140.000 -0.211 0.017 0.306 0.473 0.663 0.956 1.120 1.339 1.478 1.624 1.688 1.745 1.793 1.833 1.883 1.920 1.929 1.917 1.884 1.851 1.814 1.747 1.621 1.601 3.342
6.500 150.000 -0.227 0.000 0.288 0.456 0.644 0.937 1.100 1.318 1.457 1.601 1.664 1.719 1.766 1.803 1.850 1.883 1.889 1.873 1.840 1.807 1.771 1.703 1.580 1.560 3.319
6.500 175.000 -0.267 -0.041 0.245 0.411 0.598 0.889 1.049 1.266 1.403 1.544 1.603 1.654 1.697 1.730 1.769 1.791 1.790 1.767 1.732 1.699 1.665 1.599 1.484 1.465 3.257
6.500 200.000 -0.305 -0.080 0.204 0.369 0.554 0.844 1.002 1.216 1.351 1.489 1.546 1.592 1.632 1.659 1.693 1.704 1.697 1.667 1.630 1.598 1.564 1.500 1.393 1.374 3.199
6.500 250.000 -0.376 -0.153 0.127 0.291 0.471 0.759 0.913 1.124 1.255 1.387 1.438 1.476 1.508 1.527 1.548 1.540 1.522 1.483 1.444 1.414 1.384 1.324 1.231 1.215 3.090
6.500 300.000 -0.438 -0.217 0.061 0.223 0.400 0.685 0.836 1.043 1.171 1.296 1.341 1.371 1.397 1.406 1.416 1.391 1.363 1.318 1.279 1.252 1.226 1.170 1.092 1.076 2.994
6.500 350.000 -0.489 -0.270 0.006 0.166 0.338 0.621 0.769 0.972 1.095 1.214 1.252 1.274 1.292 1.292 1.291 1.249 1.212 1.164 1.127 1.103 1.081 1.032 0.967 0.953 2.910
6.500 400.000 -0.535 -0.318 -0.045 0.114 0.283 0.564 0.707 0.907 1.026 1.138 1.169 1.183 1.194 1.185 1.172 1.116 1.072 1.022 0.987 0.966 0.949 0.906 0.855 0.841 2.832
6.500 450.000 -0.583 -0.367 -0.096 0.061 0.226 0.505 0.645 0.841 0.956 1.062 1.087 1.093 1.097 1.080 1.057 0.989 0.937 0.889 0.856 0.840 0.826 0.789 0.749 0.735 2.757
6.500 500.000 -0.627 -0.412 -0.144 0.013 0.174 0.451 0.588 0.780 0.891 0.990 1.009 1.007 1.005 0.979 0.948 0.867 0.810 0.764 0.734 0.721 0.711 0.679 0.650 0.637 2.686
6.500 600.000 -0.696 -0.483 -0.219 -0.065 0.089 0.362 0.490 0.673 0.774 0.855 0.859 0.839 0.820 0.775 0.724 0.624 0.555 0.526 0.505 0.504 0.504 0.485 0.477 0.465 2.559
6.500 700.000 -0.771 -0.560 -0.299 -0.147 0.001 0.270 0.392 0.567 0.660 0.728 0.719 0.684 0.653 0.595 0.529 0.415 0.338 0.320 0.304 0.307 0.312 0.303 0.307 0.295 2.439
6.500 800.000 -0.832 -0.622 -0.363 -0.213 -0.072 0.193 0.307 0.473 0.557 0.610 0.588 0.538 0.495 0.422 0.342 0.218 0.134 0.130 0.120 0.128 0.137 0.140 0.154 0.141 2.334
6.500 1000.000 -0.962 -0.753 -0.499 -0.352 -0.221 0.037 0.138 0.288 0.354 0.380 0.335 0.259 0.196 0.101 -0.000 -0.138 -0.237 -0.216 -0.218 -0.208 -0.196 -0.173 -0.142 -0.160 2.141
6.500 1200.000 -1.078 -0.869 -0.618 -0.473 -0.353 -0.103 -0.015 0.116 0.163 0.158 0.089 -0.011 -0.095 -0.210 -0.331 -0.481 -0.592 -0.549 -0.545 -0.537 -0.522 -0.483 -0.439 -0.458 1.955
6.500 1500.000 -1.245 -1.035 -0.786 -0.645 -0.539 -0.303 -0.236 -0.134 -0.116 -0.167 -0.271 -0.406 -0.518 -0.661 -0.803 -0.966 -1.095 -1.021 -1.012 -1.010 -0.994 -0.931 -0.871 -0.895 1.693
7.000 0.000 1.144 1.355 1.622 1.775 1.970 2.222 2.373 2.560 2.685 2.818 2.895 2.966 3.032 3.097 3.179 3.280 3.333 3.381 3.376 3.362 3.323 3.275 3.128 3.103 4.688
7.000 1.000 1.126 1.337 1.601 1.755 1.950 2.203 2.353 2.539 2.666 2.797 2.875 2.943 3.010 3.075 3.157 3.257 3.309 3.358 3.352 3.336 3.299 3.246 3.095 3.070 4.668
7.000 5.000 1.054 1.264 1.527 1.681 1.879 2.132 2.283 2.466 2.593 2.720 2.799 2.863 2.931 2.995 3.076 3.174 3.223 3.275 3.270 3.253 3.220 3.165 3.011 2.986 4.605
7.000 10.000 0.959 1.170 1.431 1.585 1.785 2.036 2.189 2.369 2.496 2.619 2.698 2.759 2.826 2.888 2.967 3.061 3.106 3.160 3.156 3.139 3.107 3.055 2.904 2.878 4.508
7.000 15.000 0.867 1.077 1.338 1.492 1.692 1.942 2.095 2.274 2.400 2.523 2.601 2.661 2.727 2.787 2.864 2.956 2.998 3.051 3.045 3.028 2.996 2.946 2.796 2.770 4.409
7.000 20.000 0.785 0.995 1.255 1.409 1.607 1.857 2.009 2.188 2.314 2.437 2.514 2.574 2.639 2.698 2.773 2.862 2.902 2.952 2.946 2.927 2.894 2.843 2.695 2.670 4.321
7.000 25.000 0.712 0.922 1.182 1.335 1.531 1.781 1.932 2.111 2.237 2.360 2.436 2.496 2.560 2.617 2.690 2.777 2.815 2.861 2.852 2.833 2.799 2.747 2.601 2.576 4.240
7.000 30.000 0.650 0.859 1.119 1.272 1.465 1.715 1.865 2.045 2.170 2.294 2.368 2.429 2.492 2.548 2.620 2.704 2.739 2.782 2.771 2.750 2.716 2.664 2.519 2.494 4.170
7.000 40.000 0.544 0.751 1.011 1.163 1.352 1.603 1.751 1.931 2.056 2.180 2.254 2.314 2.376 2.430 2.499 2.580 2.611 2.648 2.635 2.612 2.576 2.522 2.381 2.356 4.052
7.000 50.000 0.460 0.666 0.925 1.077 1.262 1.513 1.659 1.840 1.965 2.090 2.161 2.222 2.282 2.335 2.402 2.479 2.507 2.540 2.524 2.499 2.463 2.408 2.269 2.245 3.959
7.000 60.000 0.411 0.616 0.874 1.025 1.209 1.459 1.605 1.786 1.910 2.035 2.106 2.166 2.225 2.276 2.341 2.415 2.441 2.470 2.451 2.427 2.389 2.334 2.196 2.171 3.900
7.000 70.000 0.379 0.584 0.840 0.990 1.172 1.422 1.566 1.748 1.872 1.998 2.067 2.127 2.185 2.235 2.299 2.369 2.394 2.415 2.394 2.368 2.329 2.271 2.133 2.109 3.851
7.000 80.000 0.361 0.565 0.820 0.969 1.148 1.399 1.542 1.723 1.847 1.972 2.041 2.100 2.157 2.206 2.267 2.334 2.356 2.372 2.349 2.322 2.282 2.222 2.084 2.061 3.816
7.000 90.000 0.345 0.549 0.802 0.952 1.129 1.380 1.521 1.703 1.826 1.951 2.018 2.075 2.131 2.179 2.239 2.301 2.321 2.332 2.307 2.279 2.239 2.178 2.041 2.018 3.786
7.000 100.000 0.331 0.534 0.787 0.935 1.111 1.362 1.503 1.684 1.806 1.930 1.997 2.053 2.108 2.153 2.211 2.269 2.287 2.294 2.267 2.239 2.199 2.136 2.001 1.978 3.759
7.000 110.000 0.318 0.521 0.772 0.921 1.095 1.346 1.486 1.666 1.788 1.911 1.977 2.031 2.084 2.129 2.184 2.237 2.253 2.255 2.227 2.197 2.158 2.095 1.961 1.939 3.736
7.000 120.000 0.306 0.507 0.758 0.906 1.079 1.330 1.468 1.648 1.770 1.892 1.956 2.009 2.061 2.104 2.157 2.205 2.219 2.217 2.187 2.157 2.118 2.054 1.923 1.900 3.713
7.000 130.000 0.290 0.492 0.741 0.889 1.061 1.312 1.449 1.629 1.750 1.871 1.934 1.985 2.036 2.076 2.127 2.171 2.182 2.176 2.145 2.115 2.076 2.011 1.883 1.861 3.689
7.000 140.000 0.275 0.476 0.724 0.872 1.043 1.293 1.431 1.609 1.729 1.849 1.911 1.961 2.011 2.049 2.097 2.137 2.145 2.136 2.104 2.073 2.035 1.970 1.844 1.822 3.665
7.000 150.000 0.260 0.460 0.708 0.856 1.026 1.276 1.412 1.590 1.709 1.828 1.889 1.936 1.985 2.022 2.067 2.102 2.107 2.095 2.062 2.032 1.994 1.929 1.806 1.785 3.644
7.000 175.000 0.222 0.421 0.667 0.813 0.982 1.230 1.364 1.541 1.659 1.775 1.832 1.875 1.920 1.952 1.990 2.015 2.014 1.994 1.959 1.930 1.893 1.830 1.715 1.695 3.589
7.000 200.000 0.186 0.384 0.628 0.773 0.940 1.187 1.320 1.494 1.611 1.724 1.779 1.817 1.859 1.887 1.919 1.933 1.926 1.900 1.864 1.835 1.800 1.738 1.631 1.611 3.536
7.000 250.000 0.117 0.314 0.555 0.699 0.862 1.107 1.236 1.408 1.521 1.628 1.677 1.708 1.743 1.761 1.782 1.778 1.760 1.726 1.688 1.662 1.631 1.573 1.481 1.463 3.436
7.000 300.000 0.063 0.257 0.496 0.638 0.797 1.041 1.166 1.335 1.444 1.545 1.589 1.612 1.640 1.649 1.658 1.637 1.610 1.570 1.533 1.510 1.483 1.431 1.353 1.336 3.352
7.000 350.000 0.014 0.207 0.443 0.584 0.739 0.981 1.103 1.268 1.373 1.468 1.505 1.519 1.540 1.540 1.537 1.500 1.465 1.422 1.387 1.368 1.345 1.299 1.236 1.220 3.275
7.000 400.000 -0.032 0.160 0.394 0.534 0.685 0.925 1.043 1.205 1.307 1.395 1.425 1.432 1.446 1.437 1.423 1.373 1.330 1.288 1.255 1.241 1.222 1.182 1.133 1.118 3.205
7.000 450.000 -0.078 0.113 0.345 0.484 0.631 0.870 0.985 1.143 1.241 1.323 1.347 1.346 1.353 1.335 1.313 1.250 1.201 1.160 1.129 1.119 1.105 1.070 1.032 1.018 3.137
7.000 500.000 -0.120 0.070 0.300 0.438 0.583 0.819 0.931 1.086 1.180 1.255 1.273 1.264 1.265 1.239 1.207 1.134 1.079 1.042 1.014 1.008 0.997 0.969 0.942 0.927 3.072
7.000 600.000 -0.188 0.000 0.227 0.363 0.501 0.733 0.837 0.983 1.067 1.126 1.128 1.102 1.087 1.043 0.991 0.900 0.835 0.814 0.795 0.800 0.798 0.782 0.775 0.762 2.956
7.000 700.000 -0.259 -0.072 0.152 0.286 0.419 0.647 0.745 0.883 0.959 1.004 0.995 0.955 0.928 0.870 0.804 0.700 0.627 0.617 0.603 0.613 0.615 0.610 0.615 0.601 2.845
7.000 800.000 -0.318 -0.132 0.090 0.222 0.348 0.573 0.664 0.793 0.860 0.890 0.868 0.813 0.774 0.703 0.623 0.511 0.432 0.436 0.429 0.443 0.449 0.455 0.470 0.455 2.746
7.000 1000.000 -0.443 -0.259 -0.040 0.090 0.205 0.423 0.501 0.615 0.664 0.667 0.622 0.543 0.484 0.392 0.292 0.168 0.076 0.105 0.105 0.120 0.129 0.155 0.186 0.167 2.570
7.000 1200.000 -0.552 -0.367 -0.151 -0.025 0.080 0.290 0.355 0.450 0.481 0.454 0.385 0.282 0.204 0.092 -0.025 -0.159 -0.262 -0.211 -0.205 -0.191 -0.180 -0.138 -0.095 -0.116 2.396
7.000 1500.000 -0.709 -0.524 -0.310 -0.188 -0.099 0.097 0.141 0.208 0.210 0.139 0.037 -0.098 -0.202 -0.339 -0.475 -0.619 -0.739 -0.658 -0.648 -0.641 -0.629 -0.564 -0.506 -0.532 2.152
7.500 0.000 1.434 1.615 1.842 1.974 2.143 2.352 2.479 2.633 2.742 2.857 2.932 2.999 3.065 3.127 3.207 3.307 3.359 3.405 3.399 3.385 3.345 3.298 3.150 3.126 4.805
7.500 1.000 1.418 1.599 1.824 1.956 2.126 2.336 2.463 2.616 2.726 2.839 2.915 2.980 3.046 3.109 3.188 3.288 3.339 3.385 3.379 3.363 3.325 3.273 3.122 3.097 4.787
7.500 5.000 1.361 1.542 1.765 1.897 2.071 2.280 2.408 2.558 2.668 2.777 2.854 2.915 2.982 3.044 3.122 3.219 3.268 3.317 3.311 3.294 3.258 3.205 3.051 3.026 4.740
7.500 10.000 1.282 1.463 1.685 1.818 1.995 2.203 2.331 2.479 2.589 2.695 2.772 2.830 2.898 2.958 3.034 3.129 3.174 3.227 3.221 3.205 3.170 3.119 2.966 2.939 4.667
7.500 15.000 1.207 1.388 1.609 1.742 1.920 2.127 2.256 2.402 2.513 2.617 2.694 2.750 2.817 2.876 2.950 3.043 3.086 3.139 3.133 3.117 3.082 3.033 2.879 2.852 4.589
7.500 20.000 1.140 1.320 1.541 1.674 1.851 2.058 2.186 2.332 2.442 2.546 2.622 2.678 2.744 2.802 2.874 2.965 3.005 3.056 3.049 3.032 2.997 2.947 2.795 2.768 4.520
7.500 25.000 1.079 1.259 1.480 1.612 1.788 1.995 2.123 2.268 2.378 2.482 2.558 2.613 2.679 2.736 2.806 2.896 2.934 2.982 2.974 2.956 2.920 2.870 2.718 2.691 4.457
7.500 30.000 1.025 1.204 1.424 1.556 1.730 1.937 2.064 2.210 2.320 2.424 2.499 2.555 2.620 2.676 2.745 2.833 2.869 2.915 2.905 2.886 2.849 2.798 2.648 2.621 4.399
7.500 40.000 0.931 1.110 1.329 1.460 1.631 1.838 1.964 2.110 2.220 2.325 2.398 2.455 2.518 2.572 2.640 2.724 2.757 2.798 2.786 2.765 2.727 2.676 2.528 2.502 4.302
7.500 50.000 0.860 1.038 1.256 1.387 1.554 1.762 1.886 2.033 2.142 2.248 2.320 2.376 2.438 2.490 2.556 2.637 2.667 2.704 2.689 2.667 2.629 2.576 2.432 2.406 4.227
7.500 60.000 0.815 0.993 1.210 1.340 1.506 1.713 1.837 1.984 2.093 2.199 2.270 2.326 2.387 2.438 2.502 2.580 2.607 2.640 2.623 2.601 2.561 2.509 2.366 2.340 4.174
7.500 70.000 0.789 0.965 1.181 1.311 1.474 1.682 1.804 1.952 2.061 2.167 2.237 2.292 2.353 2.403 2.465 2.540 2.566 2.592 2.573 2.550 2.509 2.453 2.311 2.286 4.132
7.500 80.000 0.772 0.948 1.163 1.292 1.453 1.661 1.782 1.930 2.039 2.145 2.214 2.269 2.328 2.377 2.437 2.509 2.533 2.553 2.532 2.508 2.466 2.409 2.267 2.242 4.100
7.500 90.000 0.758 0.934 1.148 1.276 1.435 1.644 1.764 1.912 2.020 2.126 2.194 2.247 2.306 2.353 2.412 2.479 2.501 2.517 2.494 2.469 2.427 2.368 2.227 2.203 4.074
7.500 100.000 0.746 0.921 1.134 1.262 1.420 1.629 1.747 1.895 2.003 2.109 2.176 2.227 2.285 2.331 2.387 2.451 2.471 2.482 2.457 2.431 2.389 2.330 2.190 2.166 4.050
7.500 110.000 0.734 0.908 1.120 1.248 1.404 1.613 1.731 1.878 1.986 2.091 2.157 2.206 2.263 2.307 2.362 2.421 2.438 2.445 2.418 2.392 2.350 2.289 2.152 2.128 4.029
7.500 120.000 0.722 0.895 1.107 1.235 1.390 1.599 1.715 1.862 1.970 2.074 2.139 2.187 2.242 2.285 2.337 2.391 2.407 2.409 2.381 2.354 2.312 2.251 2.116 2.092 4.010
7.500 130.000 0.708 0.881 1.091 1.219 1.373 1.582 1.698 1.845 1.951 2.054 2.118 2.165 2.219 2.260 2.310 2.360 2.372 2.371 2.342 2.314 2.273 2.211 2.079 2.056 3.989
7.500 140.000 0.693 0.866 1.076 1.203 1.357 1.565 1.681 1.826 1.933 2.035 2.098 2.142 2.196 2.235 2.282 2.328 2.338 2.333 2.303 2.275 2.235 2.172 2.043 2.020 3.968
7.500 150.000 0.678 0.851 1.059 1.187 1.339 1.548 1.662 1.808 1.913 2.014 2.076 2.119 2.171 2.209 2.253 2.295 2.302 2.294 2.263 2.235 2.195 2.133 2.007 1.984 3.949
7.500 175.000 0.642 0.814 1.021 1.147 1.297 1.506 1.618 1.762 1.867 1.965 2.024 2.063 2.111 2.144 2.182 2.213 2.215 2.199 2.166 2.139 2.101 2.039 1.921 1.900 3.901
7.500 200.000 0.606 0.777 0.983 1.109 1.257 1.465 1.576 1.719 1.822 1.917 1.973 2.009 2.054 2.083 2.115 2.137 2.132 2.111 2.077 2.051 2.013 1.954 1.843 1.823 3.854
7.500 250.000 0.545 0.714 0.917 1.042 1.187 1.393 1.501 1.641 1.741 1.831 1.881 1.909 1.948 1.967 1.988 1.991 1.976 1.947 1.912 1.889 1.856 1.801 1.707 1.688 3.764
7.500 300.000 0.495 0.663 0.864 0.987 1.129 1.333 1.438 1.575 1.672 1.756 1.800 1.820 1.852 1.862 1.871 1.858 1.833 1.799 1.764 1.745 1.716 1.666 1.589 1.571 3.689
7.500 350.000 0.448 0.615 0.813 0.936 1.073 1.277 1.378 1.512 1.605 1.683 1.721 1.733 1.758 1.759 1.757 1.729 1.696 1.660 1.626 1.613 1.588 1.544 1.482 1.465 3.620
7.500 400.000 0.405 0.571 0.767 0.889 1.023 1.225 1.323 1.454 1.543 1.615 1.647 1.651 1.669 1.661 1.648 1.607 1.567 1.531 1.500 1.491 1.471 1.434 1.385 1.369 3.556
7.500 450.000 0.362 0.527 0.722 0.843 0.974 1.174 1.269 1.397 1.482 1.548 1.573 1.570 1.581 1.565 1.543 1.490 1.444 1.410 1.382 1.378 1.361 1.331 1.293 1.278 3.493
7.500 500.000 0.323 0.487 0.680 0.800 0.928 1.127 1.219 1.343 1.425 1.484 1.503 1.492 1.497 1.472 1.441 1.378 1.327 1.297 1.272 1.272 1.259 1.234 1.208 1.192 3.434
7.500 600.000 0.256 0.418 0.609 0.727 0.849 1.044 1.129 1.245 1.317 1.360 1.364 1.337 1.326 1.283 1.233 1.153 1.092 1.077 1.061 1.071 1.067 1.054 1.046 1.032 3.328
7.500 700.000 0.188 0.350 0.539 0.655 0.772 0.963 1.042 1.151 1.215 1.245 1.237 1.196 1.174 1.118 1.053 0.962 0.894 0.890 0.879 0.894 0.894 0.891 0.895 0.880 3.226
7.500 800.000 0.130 0.291 0.479 0.593 0.703 0.891 0.963 1.064 1.118 1.134 1.113 1.058 1.024 0.956 0.878 0.779 0.705 0.716 0.710 0.729 0.733 0.741 0.756 0.739 3.134
7.500 1000.000 0.010 0.170 0.355 0.467 0.566 0.747 0.806 0.892 0.929 0.917 0.874 0.795 0.742 0.653 0.556 0.446 0.361 0.395 0.397 0.417 0.423 0.451 0.480 0.461 2.975
7.500 1200.000 -0.092 0.067 0.250 0.358 0.447 0.620 0.666 0.733 0.752 0.712 0.646 0.544 0.473 0.367 0.254 0.137 0.043 0.099 0.106 0.124 0.133 0.175 0.216 0.193 2.813
7.500 1500.000 -0.240 -0.081 0.098 0.202 0.274 0.433 0.458 0.497 0.488 0.404 0.306 0.174 0.078 -0.052 -0.181 -0.307 -0.420 -0.334 -0.323 -0.313 -0.305 -0.238 -0.183 -0.211 2.587
7.800 0.000 1.580 1.743 1.947 2.066 2.223 2.408 2.523 2.661 2.763 2.870 2.944 3.010 3.076 3.137 3.216 3.317 3.368 3.414 3.408 3.394 3.354 3.306 3.157 3.132 4.873
7.800 1.000 1.565 1.729 1.931 2.051 2.208 2.394 2.509 2.645 2.748 2.853 2.928 2.992 3.059 3.120 3.199 3.299 3.350 3.395 3.389 3.373 3.334 3.281 3.128 3.104 4.856
7.800 5.000 1.513 1.676 1.877 1.997 2.158 2.343 2.459 2.593 2.696 2.797 2.874 2.933 3.001 3.062 3.139 3.237 3.286 3.334 3.327 3.310 3.273 3.220 3.063 3.038 4.814
7.800 10.000 1.445 1.608 1.808 1.928 2.092 2.276 2.393 2.525 2.628 2.726 2.803 2.860 2.928 2.987 3.061 3.158 3.203 3.255 3.250 3.234 3.197 3.147 2.991 2.964 4.754
7.800 15.000 1.378 1.541 1.740 1.861 2.027 2.210 2.328 2.457 2.560 2.657 2.734 2.789 2.857 2.915 2.988 3.083 3.126 3.180 3.174 3.158 3.122 3.073 2.916 2.889 4.689
7.800 20.000 1.318 1.481 1.680 1.800 1.966 2.149 2.266 2.395 2.498 2.594 2.670 2.725 2.793 2.849 2.920 3.015 3.055 3.108 3.101 3.084 3.048 2.999 2.843 2.815 4.631
7.800 25.000 1.263 1.426 1.624 1.744 1.909 2.092 2.209 2.338 2.441 2.536 2.612 2.667 2.734 2.790 2.860 2.952 2.991 3.042 3.035 3.017 2.980 2.930 2.775 2.747 4.576
7.800 30.000 1.214 1.377 1.574 1.694 1.857 2.041 2.157 2.286 2.389 2.485 2.560 2.615 2.681 2.736 2.805 2.896 2.933 2.982 2.973 2.955 2.917 2.868 2.713 2.686 4.527
7.800 40.000 1.127 1.289 1.486 1.605 1.765 1.949 2.064 2.194 2.296 2.393 2.467 2.522 2.587 2.641 2.708 2.796 2.830 2.874 2.863 2.843 2.804 2.754 2.602 2.575 4.439
7.800 50.000 1.062 1.223 1.420 1.538 1.696 1.879 1.993 2.124 2.226 2.323 2.396 2.451 2.514 2.567 2.632 2.717 2.749 2.789 2.775 2.755 2.715 2.664 2.514 2.487 4.371
7.800 60.000 1.020 1.180 1.376 1.494 1.650 1.834 1.947 2.078 2.180 2.277 2.349 2.404 2.467 2.518 2.581 2.664 2.693 2.729 2.714 2.693 2.652 2.600 2.452 2.425 4.324
7.800 70.000 0.995 1.155 1.350 1.467 1.621 1.805 1.917 2.048 2.150 2.248 2.319 2.373 2.436 2.486 2.548 2.627 2.655 2.685 2.667 2.645 2.602 2.548 2.400 2.375 4.285
7.800 80.000 0.980 1.139 1.333 1.450 1.602 1.787 1.897 2.029 2.130 2.228 2.298 2.352 2.413 2.462 2.522 2.598 2.624 2.648 2.628 2.604 2.562 2.505 2.358 2.333 4.255
7.800 90.000 0.967 1.126 1.318 1.436 1.586 1.771 1.880 2.012 2.113 2.211 2.280 2.332 2.392 2.440 2.499 2.570 2.594 2.613 2.591 2.567 2.524 2.466 2.321 2.296 4.230
7.800 100.000 0.955 1.113 1.305 1.422 1.570 1.756 1.864 1.996 2.097 2.194 2.262 2.313 2.373 2.419 2.476 2.544 2.566 2.580 2.557 2.531 2.488 2.429 2.285 2.260 4.207
7.800 110.000 0.943 1.101 1.292 1.408 1.556 1.741 1.849 1.980 2.080 2.177 2.244 2.293 2.352 2.397 2.452 2.515 2.535 2.545 2.519 2.493 2.450 2.390 2.248 2.224 4.187
7.800 120.000 0.931 1.089 1.279 1.395 1.541 1.727 1.834 1.964 2.065 2.161 2.227 2.274 2.332 2.375 2.428 2.487 2.505 2.510 2.483 2.457 2.414 2.353 2.213 2.189 4.168
7.800 130.000 0.918 1.075 1.264 1.380 1.526 1.711 1.817 1.948 2.047 2.143 2.208 2.254 2.310 2.352 2.402 2.457 2.472 2.474 2.446 2.419 2.376 2.315 2.178 2.154 4.148
7.800 140.000 0.904 1.061 1.249 1.365 1.510 1.695 1.801 1.931 2.030 2.124 2.188 2.232 2.287 2.328 2.375 2.426 2.438 2.437 2.408 2.380 2.339 2.277 2.143 2.120 4.129
7.800 150.000 0.890 1.046 1.234 1.350 1.494 1.679 1.784 1.913 2.012 2.105 2.168 2.211 2.264 2.303 2.348 2.394 2.404 2.399 2.369 2.342 2.301 2.239 2.108 2.085 4.112
7.800 175.000 0.855 1.011 1.197 1.312 1.454 1.639 1.742 1.870 1.968 2.058 2.119 2.157 2.208 2.242 2.281 2.317 2.321 2.309 2.277 2.250 2.210 2.150 2.027 2.006 4.066
7.800 200.000 0.821 0.976 1.161 1.276 1.416 1.600 1.702 1.829 1.925 2.014 2.071 2.106 2.154 2.184 2.217 2.244 2.242 2.224 2.190 2.165 2.126 2.067 1.952 1.931 4.021
7.800 250.000 0.762 0.916 1.098 1.212 1.349 1.532 1.631 1.755 1.848 1.931 1.982 2.009 2.050 2.071 2.093 2.101 2.088 2.062 2.028 2.007 1.972 1.918 1.823 1.804 3.943
7.800 300.000 0.713 0.866 1.046 1.159 1.292 1.474 1.569 1.691 1.781 1.858 1.903 1.923 1.956 1.968 1.978 1.970 1.948 1.917 1.883 1.866 1.836 1.787 1.709 1.691 3.871
7.800 350.000 0.667 0.819 0.997 1.109 1.239 1.420 1.512 1.631 1.717 1.788 1.828 1.839 1.866 1.868 1.868 1.845 1.815 1.781 1.749 1.737 1.711 1.669 1.606 1.589 3.807
7.800 400.000 0.625 0.776 0.953 1.064 1.190 1.370 1.459 1.575 1.658 1.723 1.756 1.760 1.780 1.774 1.763 1.727 1.690 1.657 1.628 1.620 1.599 1.563 1.514 1.498 3.749
7.800 450.000 0.584 0.734 0.909 1.019 1.143 1.321 1.407 1.520 1.600 1.658 1.685 1.682 1.695 1.681 1.661 1.613 1.570 1.539 1.512 1.509 1.492 1.462 1.425 1.409 3.690
7.800 500.000 0.545 0.694 0.869 0.978 1.098 1.276 1.359 1.469 1.544 1.597 1.618 1.607 1.614 1.591 1.562 1.504 1.455 1.427 1.403 1.404 1.391 1.367 1.339 1.324 3.636
7.800 600.000 0.481 0.629 0.801 0.909 1.023 1.197 1.273 1.375 1.441 1.478 1.484 1.457 1.448 1.408 1.359 1.286 1.228 1.215 1.200 1.212 1.207 1.196 1.187 1.173 3.534
7.800 700.000 0.415 0.562 0.733 0.839 0.948 1.118 1.189 1.284 1.342 1.365 1.359 1.319 1.299 1.246 1.183 1.098 1.033 1.032 1.022 1.039 1.038 1.036 1.040 1.025 3.440
7.800 800.000 0.359 0.506 0.675 0.780 0.882 1.049 1.112 1.200 1.248 1.257 1.238 1.184 1.152 1.086 1.010 0.918 0.848 0.860 0.856 0.877 0.880 0.889 0.903 0.887 3.352
7.800 1000.000 0.245 0.390 0.557 0.658 0.750 0.910 0.961 1.032 1.064 1.044 1.003 0.924 0.873 0.788 0.693 0.590 0.509 0.546 0.549 0.571 0.577 0.604 0.634 0.614 3.204
7.800 1200.000 0.143 0.288 0.453 0.551 0.632 0.785 0.822 0.876 0.890 0.844 0.781 0.681 0.614 0.511 0.402 0.293 0.203 0.260 0.267 0.287 0.294 0.336 0.375 0.352 3.049
7.800 1500.000 -0.000 0.145 0.305 0.399 0.462 0.602 0.619 0.645 0.630 0.543 0.448 0.319 0.228 0.103 -0.022 -0.140 -0.249 -0.163 -0.153 -0.141 -0.134 -0.069 -0.015 -0.044 2.835
8.000 0.000 1.665 1.817 2.007 2.119 2.268 2.439 2.547 2.675 2.772 2.875 2.949 3.015 3.081 3.141 3.219 3.321 3.373 3.418 3.413 3.398 3.358 3.310 3.159 3.134 4.918
8.000 1.000 1.651 1.803 1.992 2.103 2.252 2.424 2.532 2.659 2.758 2.859 2.934 2.997 3.064 3.125 3.203 3.304 3.356 3.400 3.394 3.378 3.338 3.285 3.131 3.106 4.900
8.000 5.000 1.602 1.754 1.940 2.052 2.205 2.376 2.485 2.610 2.709 2.806 2.882 2.942 3.010 3.070 3.146 3.245 3.295 3.342 3.336 3.318 3.281 3.227 3.069 3.043 4.861
8.000 10.000 1.541 1.693 1.878 1.991 2.147 2.317 2.427 2.549 2.648 2.742 2.819 2.875 2.943 3.002 3.075 3.173 3.219 3.271 3.265 3.249 3.212 3.162 3.004 2.977 4.809
8.000 15.000 1.480 1.632 1.817 1.929 2.088 2.257 2.367 2.488 2.587 2.679 2.756 2.811 2.879 2.937 3.008 3.105 3.149 3.202 3.197 3.180 3.143 3.095 2.936 2.908 4.752
8.000 20.000 1.424 1.576 1.761 1.873 2.032 2.200 2.311 2.431 2.530 2.621 2.698 2.752 2.820 2.876 2.947 3.042 3.084 3.137 3.131 3.114 3.077 3.029 2.870 2.842 4.700
8.000 25.000 1.374 1.526 1.710 1.822 1.980 2.148 2.259 2.378 2.477 2.568 2.644 2.699 2.766 2.821 2.890 2.985 3.024 3.076 3.069 3.052 3.014 2.966 2.808 2.780 4.652
8.000 30.000 1.328 1.479 1.663 1.775 1.932 2.100 2.210 2.330 2.429 2.520 2.596 2.650 2.716 2.771 2.840 2.933 2.971 3.021 3.013 2.995 2.957 2.909 2.752 2.724 4.607
8.000 40.000 1.246 1.396 1.580 1.691 1.845 2.014 2.122 2.243 2.341 2.433 2.507 2.562 2.627 2.681 2.748 2.837 2.873 2.919 2.908 2.889 2.850 2.800 2.646 2.619 4.526
8.000 50.000 1.185 1.335 1.517 1.629 1.780 1.949 2.057 2.178 2.276 2.368 2.442 2.496 2.560 2.612 2.677 2.764 2.797 2.839 2.827 2.807 2.767 2.717 2.564 2.537 4.463
8.000 60.000 1.144 1.294 1.475 1.586 1.736 1.905 2.013 2.134 2.231 2.324 2.397 2.451 2.515 2.566 2.629 2.714 2.744 2.783 2.769 2.748 2.707 2.656 2.504 2.477 4.418
8.000 70.000 1.121 1.270 1.451 1.561 1.709 1.879 1.985 2.107 2.204 2.298 2.369 2.423 2.486 2.536 2.598 2.680 2.709 2.740 2.724 2.702 2.660 2.606 2.455 2.429 4.382
8.000 80.000 1.107 1.255 1.435 1.545 1.691 1.861 1.966 2.088 2.186 2.279 2.350 2.402 2.464 2.514 2.574 2.652 2.679 2.705 2.686 2.663 2.620 2.565 2.415 2.389 4.354
8.000 90.000 1.094 1.242 1.421 1.531 1.676 1.846 1.950 2.072 2.169 2.262 2.332 2.383 2.445 2.493 2.551 2.625 2.651 2.672 2.651 2.627 2.584 2.527 2.378 2.353 4.329
8.000 100.000 1.083 1.230 1.408 1.518 1.661 1.832 1.935 2.057 2.153 2.246 2.315 2.365 2.426 2.473 2.530 2.600 2.624 2.640 2.618 2.593 2.549 2.491 2.344 2.319 4.306
8.000 110.000 1.070 1.218 1.395 1.504 1.646 1.817 1.919 2.041 2.137 2.230 2.298 2.346 2.406 2.451 2.506 2.572 2.593 2.606 2.581 2.556 2.512 2.453 2.307 2.283 4.287
8.000 120.000 1.059 1.206 1.382 1.492 1.633 1.803 1.905 2.026 2.122 2.214 2.281 2.328 2.386 2.430 2.483 2.545 2.564 2.572 2.546 2.520 2.477 2.417 2.273 2.249 4.269
8.000 130.000 1.046 1.192 1.368 1.477 1.618 1.788 1.889 2.010 2.106 2.196 2.262 2.308 2.365 2.407 2.458 2.515 2.532 2.536 2.509 2.483 2.440 2.379 2.239 2.215 4.250
8.000 140.000 1.032 1.179 1.354 1.463 1.602 1.773 1.873 1.994 2.089 2.178 2.243 2.288 2.343 2.384 2.432 2.486 2.499 2.500 2.472 2.445 2.403 2.342 2.205 2.181 4.232
8.000 150.000 1.019 1.165 1.340 1.448 1.587 1.758 1.857 1.977 2.072 2.161 2.224 2.267 2.322 2.361 2.406 2.456 2.467 2.464 2.435 2.409 2.366 2.305 2.172 2.149 4.216
8.000 175.000 0.985 1.130 1.303 1.411 1.548 1.719 1.816 1.935 2.029 2.115 2.176 2.215 2.267 2.301 2.341 2.380 2.386 2.376 2.345 2.319 2.278 2.218 2.093 2.071 4.171
8.000 200.000 0.952 1.097 1.269 1.377 1.512 1.682 1.778 1.896 1.989 2.073 2.131 2.166 2.215 2.245 2.279 2.310 2.309 2.293 2.260 2.235 2.196 2.137 2.020 1.999 4.128
8.000 250.000 0.896 1.039 1.209 1.316 1.447 1.616 1.710 1.825 1.914 1.992 2.045 2.072 2.113 2.135 2.157 2.169 2.158 2.133 2.100 2.080 2.045 1.992 1.895 1.876 4.055
8.000 300.000 0.846 0.989 1.156 1.262 1.390 1.559 1.649 1.762 1.848 1.920 1.967 1.986 2.021 2.033 2.044 2.039 2.019 1.989 1.957 1.940 1.910 1.863 1.783 1.766 3.987
8.000 350.000 0.801 0.943 1.109 1.214 1.339 1.506 1.593 1.703 1.786 1.853 1.893 1.905 1.933 1.936 1.937 1.917 1.889 1.858 1.826 1.815 1.790 1.748 1.685 1.668 3.927
8.000 400.000 0.760 0.901 1.066 1.170 1.291 1.458 1.542 1.649 1.729 1.789 1.824 1.828 1.849 1.844 1.834 1.802 1.766 1.736 1.707 1.701 1.679 1.644 1.595 1.579 3.872
8.000 450.000 0.719 0.860 1.023 1.127 1.245 1.411 1.492 1.596 1.672 1.727 1.755 1.752 1.767 1.753 1.734 1.690 1.648 1.619 1.592 1.590 1.573 1.544 1.505 1.490 3.818
8.000 500.000 0.682 0.822 0.984 1.087 1.202 1.366 1.444 1.546 1.618 1.667 1.689 1.679 1.687 1.665 1.636 1.582 1.535 1.509 1.485 1.487 1.474 1.450 1.422 1.407 3.766
8.000 600.000 0.620 0.759 0.919 1.020 1.129 1.290 1.362 1.455 1.518 1.551 1.558 1.531 1.524 1.486 1.438 1.368 1.312 1.301 1.287 1.300 1.295 1.284 1.276 1.262 3.667
8.000 700.000 0.554 0.693 0.852 0.951 1.055 1.213 1.279 1.365 1.420 1.440 1.435 1.395 1.377 1.325 1.263 1.182 1.120 1.120 1.111 1.129 1.128 1.127 1.131 1.116 3.577
8.000 800.000 0.500 0.638 0.795 0.893 0.991 1.146 1.204 1.283 1.329 1.334 1.317 1.263 1.234 1.170 1.095 1.006 0.937 0.950 0.945 0.966 0.968 0.978 0.993 0.976 3.492
8.000 1000.000 0.388 0.525 0.680 0.775 0.862 1.010 1.056 1.119 1.148 1.125 1.086 1.008 0.960 0.877 0.783 0.684 0.607 0.643 0.646 0.669 0.674 0.701 0.730 0.710 3.351
8.000 1200.000 0.289 0.425 0.578 0.670 0.746 0.886 0.919 0.965 0.976 0.927 0.866 0.767 0.702 0.602 0.495 0.390 0.303 0.360 0.367 0.388 0.395 0.436 0.475 0.452 3.201
8.000 1500.000 0.147 0.283 0.432 0.519 0.577 0.705 0.717 0.736 0.720 0.631 0.540 0.414 0.327 0.206 0.083 -0.030 -0.136 -0.053 -0.044 -0.031 -0.025 0.038 0.091 0.062 2.994
8.200 0.000 1.746 1.887 2.064 2.168 2.310 2.467 2.569 2.689 2.782 2.880 2.954 3.018 3.084 3.144 3.220 3.320 3.372 3.416 3.410 3.396 3.357 3.308 3.159 3.134 4.961
8.200 1.000 1.731 1.872 2.047 2.151 2.293 2.451 2.553 2.672 2.766 2.863 2.938 3.001 3.067 3.127 3.203 3.303 3.355 3.399 3.392 3.376 3.338 3.285 3.131 3.106 4.941
8.200 5.000 1.683 1.824 1.998 2.102 2.248 2.405 2.508 2.624 2.719 2.813 2.889 2.948 3.016 3.075 3.151 3.250 3.299 3.346 3.339 3.322 3.284 3.230 3.072 3.046 4.903
8.200 10.000 1.629 1.771 1.943 2.048 2.197 2.353 2.457 2.571 2.666 2.756 2.833 2.889 2.957 3.015 3.088 3.186 3.232 3.283 3.277 3.261 3.224 3.174 3.015 2.988 4.861
8.200 15.000 1.574 1.716 1.887 1.993 2.144 2.300 2.405 2.517 2.612 2.700 2.777 2.832 2.900 2.956 3.027 3.125 3.168 3.221 3.216 3.200 3.162 3.114 2.953 2.925 4.813
8.200 20.000 1.523 1.664 1.835 1.941 2.093 2.248 2.353 2.464 2.559 2.646 2.723 2.777 2.845 2.901 2.970 3.066 3.108 3.161 3.155 3.139 3.101 3.053 2.893 2.865 4.766
8.200 25.000 1.477 1.618 1.789 1.894 2.046 2.201 2.305 2.416 2.511 2.598 2.675 2.728 2.795 2.850 2.919 3.014 3.054 3.106 3.100 3.084 3.046 2.999 2.839 2.811 4.724
8.200 30.000 1.434 1.575 1.746 1.850 2.001 2.156 2.260 2.372 2.467 2.553 2.629 2.683 2.750 2.804 2.872 2.966 3.004 3.056 3.049 3.032 2.994 2.946 2.788 2.760 4.685
8.200 40.000 1.357 1.497 1.667 1.772 1.920 2.075 2.178 2.290 2.384 2.472 2.547 2.600 2.666 2.719 2.785 2.876 2.912 2.959 2.950 2.932 2.893 2.844 2.688 2.660 4.609
8.200 50.000 1.300 1.440 1.609 1.713 1.860 2.015 2.118 2.230 2.324 2.412 2.485 2.539 2.604 2.655 2.719 2.808 2.841 2.886 2.875 2.856 2.816 2.766 2.612 2.584 4.552
8.200 60.000 1.260 1.400 1.569 1.672 1.818 1.973 2.075 2.187 2.281 2.369 2.443 2.496 2.560 2.611 2.673 2.760 2.792 2.832 2.819 2.800 2.758 2.708 2.554 2.527 4.510
8.200 70.000 1.240 1.379 1.546 1.650 1.793 1.949 2.050 2.162 2.256 2.345 2.417 2.470 2.534 2.584 2.645 2.728 2.758 2.792 2.776 2.756 2.713 2.661 2.508 2.481 4.476
8.200 80.000 1.226 1.364 1.531 1.634 1.776 1.932 2.032 2.145 2.239 2.328 2.399 2.451 2.513 2.563 2.622 2.702 2.730 2.758 2.741 2.718 2.675 2.621 2.469 2.443 4.449
8.200 90.000 1.214 1.352 1.518 1.621 1.760 1.917 2.016 2.129 2.223 2.311 2.382 2.433 2.495 2.543 2.600 2.677 2.703 2.727 2.707 2.684 2.640 2.584 2.433 2.407 4.425
8.200 100.000 1.202 1.340 1.505 1.608 1.747 1.904 2.001 2.115 2.208 2.296 2.366 2.416 2.477 2.524 2.580 2.652 2.677 2.696 2.675 2.651 2.607 2.549 2.399 2.374 4.403
8.200 110.000 1.190 1.327 1.492 1.594 1.732 1.889 1.986 2.099 2.192 2.280 2.349 2.397 2.457 2.502 2.557 2.625 2.648 2.662 2.639 2.614 2.571 2.512 2.364 2.339 4.384
8.200 120.000 1.179 1.316 1.480 1.582 1.719 1.876 1.972 2.085 2.178 2.265 2.333 2.379 2.438 2.482 2.535 2.599 2.619 2.630 2.605 2.579 2.536 2.477 2.331 2.306 4.366
8.200 130.000 1.166 1.303 1.466 1.569 1.704 1.862 1.957 2.069 2.162 2.248 2.315 2.360 2.418 2.460 2.510 2.570 2.588 2.594 2.568 2.543 2.499 2.440 2.297 2.273 4.349
8.200 140.000 1.153 1.290 1.452 1.554 1.689 1.847 1.942 2.054 2.146 2.231 2.296 2.340 2.397 2.437 2.485 2.541 2.556 2.559 2.532 2.506 2.463 2.403 2.264 2.240 4.331
8.200 150.000 1.141 1.277 1.439 1.541 1.675 1.832 1.927 2.038 2.130 2.214 2.279 2.321 2.376 2.415 2.461 2.513 2.525 2.525 2.497 2.471 2.428 2.368 2.232 2.209 4.316
8.200 175.000 1.107 1.242 1.403 1.505 1.637 1.794 1.887 1.998 2.088 2.170 2.232 2.270 2.323 2.358 2.397 2.440 2.446 2.439 2.409 2.384 2.343 2.284 2.157 2.134 4.273
8.200 200.000 1.076 1.211 1.371 1.472 1.602 1.759 1.851 1.960 2.049 2.129 2.189 2.223 2.273 2.304 2.338 2.371 2.372 2.358 2.326 2.302 2.262 2.204 2.085 2.064 4.232
8.200 250.000 1.021 1.155 1.313 1.413 1.540 1.697 1.785 1.892 1.978 2.052 2.105 2.132 2.174 2.195 2.218 2.232 2.222 2.200 2.168 2.148 2.113 2.061 1.964 1.944 4.164
8.200 300.000 0.971 1.104 1.260 1.360 1.484 1.639 1.725 1.829 1.912 1.981 2.028 2.047 2.082 2.095 2.107 2.105 2.086 2.059 2.027 2.012 1.982 1.935 1.856 1.838 4.100
8.200 350.000 0.927 1.060 1.214 1.313 1.434 1.589 1.671 1.773 1.852 1.915 1.956 1.968 1.996 2.001 2.002 1.985 1.958 1.929 1.900 1.890 1.864 1.824 1.760 1.743 4.045
8.200 400.000 0.887 1.019 1.172 1.270 1.388 1.542 1.621 1.720 1.796 1.853 1.888 1.892 1.914 1.910 1.901 1.871 1.838 1.809 1.782 1.777 1.756 1.722 1.672 1.656 3.992
8.200 450.000 0.848 0.979 1.131 1.228 1.343 1.496 1.572 1.669 1.742 1.793 1.822 1.819 1.834 1.822 1.803 1.761 1.721 1.694 1.668 1.668 1.650 1.621 1.583 1.568 3.942
8.200 500.000 0.811 0.942 1.093 1.189 1.301 1.453 1.526 1.620 1.689 1.734 1.757 1.747 1.755 1.735 1.707 1.655 1.610 1.586 1.563 1.566 1.553 1.529 1.501 1.487 3.893
8.200 600.000 0.751 0.881 1.030 1.125 1.231 1.380 1.446 1.532 1.592 1.621 1.630 1.603 1.597 1.560 1.513 1.446 1.393 1.384 1.370 1.385 1.380 1.369 1.361 1.347 3.797
8.200 700.000 0.687 0.817 0.965 1.058 1.158 1.304 1.365 1.444 1.496 1.511 1.508 1.468 1.450 1.400 1.339 1.262 1.202 1.204 1.196 1.216 1.215 1.215 1.219 1.204 3.712
8.200 800.000 0.635 0.764 0.910 1.002 1.096 1.239 1.293 1.364 1.407 1.408 1.392 1.338 1.310 1.247 1.174 1.088 1.022 1.037 1.033 1.056 1.058 1.068 1.083 1.066 3.630
8.200 1000.000 0.526 0.655 0.799 0.888 0.970 1.106 1.148 1.203 1.229 1.203 1.164 1.087 1.041 0.959 0.867 0.772 0.698 0.735 0.738 0.762 0.767 0.794 0.822 0.802 3.496
8.200 1200.000 0.428 0.556 0.698 0.784 0.855 0.984 1.012 1.051 1.059 1.006 0.947 0.848 0.786 0.689 0.582 0.482 0.397 0.455 0.462 0.483 0.490 0.531 0.569 0.546 3.351
8.200 1500.000 0.293 0.420 0.558 0.639 0.692 0.807 0.814 0.824 0.804 0.710 0.619 0.492 0.406 0.288 0.168 0.060 -0.043 0.043 0.054 0.067 0.073 0.137 0.189 0.160 3.151
