NGA-East USGS GMM as published in PEER Report No. 2017/03, distance is Rrup. Log10 hazard values in cgs units. Uses NRCan simplified, magnitude-independent sigma
          11 34 25 : nmag, ndist, nperiod
          10.000 7.519 5.000 4.000 3.003 2.000 1.499 1.000 0.750 0.500 0.400 0.300 0.250 0.200 0.150 0.100 0.075 0.050 0.040 0.030 0.025 0.020 0.010 PGA PGV
          0.62 0.62 0.62 0.62 0.62 0.62 0.62 0.62 0.60 0.58 0.56 0.54 0.53 0.53 0.53 0.53 0.53 0.53 0.53 0.53 0.53 0.53 0.53 0.53 0.62
4.000 0.000 -1.216 -0.903 -0.501 -0.270 0.022 0.435 0.716 1.118 1.396 1.764 1.952 2.154 2.281 2.417 2.563 2.739 2.830 2.965 2.997 3.006 2.992 2.957 2.775 2.744 3.781
4.000 1.000 -1.311 -0.999 -0.598 -0.368 -0.078 0.336 0.616 1.019 1.297 1.665 1.854 2.054 2.182 2.319 2.471 2.648 2.743 2.879 2.913 2.923 2.912 2.875 2.693 2.664 3.682
4.000 5.000 -1.748 -1.438 -1.038 -0.810 -0.539 -0.119 0.155 0.568 0.849 1.232 1.421 1.634 1.763 1.908 2.081 2.268 2.379 2.510 2.542 2.546 2.530 2.489 2.308 2.280 3.187
4.000 10.000 -2.061 -1.753 -1.351 -1.125 -0.866 -0.443 -0.173 0.244 0.525 0.914 1.098 1.317 1.444 1.586 1.762 1.950 2.058 2.187 2.215 2.213 2.193 2.150 1.971 1.944 2.848
4.000 15.000 -2.280 -1.973 -1.570 -1.344 -1.090 -0.668 -0.398 0.019 0.299 0.689 0.871 1.092 1.215 1.354 1.527 1.711 1.814 1.934 1.959 1.951 1.927 1.882 1.704 1.678 2.595
4.000 20.000 -2.450 -2.143 -1.739 -1.514 -1.262 -0.841 -0.573 -0.155 0.124 0.514 0.694 0.916 1.037 1.173 1.344 1.524 1.622 1.736 1.757 1.745 1.718 1.672 1.494 1.468 2.395
4.000 25.000 -2.591 -2.285 -1.880 -1.655 -1.407 -0.986 -0.718 -0.300 -0.022 0.368 0.547 0.770 0.890 1.024 1.192 1.369 1.464 1.573 1.591 1.576 1.546 1.498 1.319 1.293 2.230
4.000 30.000 -2.704 -2.399 -1.993 -1.769 -1.523 -1.103 -0.835 -0.417 -0.140 0.251 0.428 0.652 0.770 0.902 1.068 1.243 1.334 1.439 1.455 1.437 1.405 1.358 1.178 1.153 2.099
4.000 40.000 -2.883 -2.579 -2.172 -1.949 -1.705 -1.287 -1.020 -0.602 -0.326 0.064 0.239 0.463 0.579 0.708 0.870 1.040 1.125 1.225 1.237 1.215 1.180 1.133 0.955 0.929 1.896
4.000 50.000 -3.021 -2.718 -2.310 -2.088 -1.846 -1.429 -1.162 -0.746 -0.471 -0.081 0.092 0.317 0.430 0.557 0.714 0.880 0.960 1.054 1.062 1.036 0.999 0.951 0.774 0.749 1.738
4.000 60.000 -3.102 -2.799 -2.391 -2.169 -1.927 -1.511 -1.244 -0.829 -0.555 -0.168 0.005 0.228 0.341 0.465 0.618 0.781 0.855 0.944 0.949 0.921 0.882 0.835 0.658 0.632 1.640
4.000 70.000 -3.153 -2.851 -2.444 -2.223 -1.982 -1.567 -1.301 -0.887 -0.613 -0.227 -0.056 0.166 0.278 0.401 0.551 0.709 0.781 0.861 0.863 0.834 0.793 0.743 0.565 0.540 1.562
4.000 80.000 -3.192 -2.890 -2.483 -2.263 -2.023 -1.608 -1.343 -0.930 -0.657 -0.272 -0.102 0.119 0.229 0.351 0.499 0.652 0.722 0.795 0.794 0.762 0.721 0.667 0.488 0.464 1.501
4.000 90.000 -3.222 -2.921 -2.515 -2.294 -2.055 -1.641 -1.377 -0.964 -0.692 -0.309 -0.139 0.080 0.189 0.309 0.454 0.603 0.670 0.737 0.733 0.699 0.657 0.601 0.420 0.397 1.451
4.000 100.000 -3.249 -2.949 -2.543 -2.323 -2.084 -1.671 -1.407 -0.995 -0.724 -0.343 -0.174 0.044 0.152 0.270 0.413 0.557 0.621 0.682 0.676 0.639 0.597 0.538 0.358 0.334 1.406
4.000 110.000 -3.273 -2.974 -2.569 -2.349 -2.111 -1.698 -1.435 -1.024 -0.754 -0.374 -0.206 0.010 0.117 0.234 0.374 0.513 0.574 0.630 0.621 0.583 0.540 0.480 0.300 0.277 1.364
4.000 120.000 -3.297 -2.998 -2.593 -2.374 -2.136 -1.724 -1.461 -1.052 -0.782 -0.403 -0.236 -0.023 0.083 0.199 0.336 0.471 0.529 0.579 0.568 0.528 0.485 0.424 0.245 0.222 1.324
4.000 130.000 -3.322 -3.023 -2.619 -2.400 -2.163 -1.751 -1.489 -1.080 -0.811 -0.434 -0.268 -0.056 0.049 0.162 0.297 0.426 0.481 0.526 0.513 0.471 0.427 0.365 0.188 0.165 1.282
4.000 140.000 -3.347 -3.048 -2.644 -2.425 -2.188 -1.777 -1.516 -1.108 -0.840 -0.465 -0.299 -0.089 0.015 0.127 0.258 0.383 0.434 0.474 0.459 0.415 0.371 0.308 0.131 0.109 1.241
4.000 150.000 -3.372 -3.075 -2.671 -2.452 -2.216 -1.805 -1.544 -1.138 -0.870 -0.496 -0.332 -0.123 -0.021 0.089 0.217 0.338 0.386 0.421 0.404 0.359 0.314 0.251 0.076 0.055 1.201
4.000 175.000 -3.435 -3.138 -2.735 -2.518 -2.282 -1.873 -1.613 -1.209 -0.943 -0.573 -0.411 -0.206 -0.107 -0.001 0.120 0.230 0.269 0.293 0.272 0.224 0.178 0.115 -0.054 -0.075 1.105
4.000 200.000 -3.490 -3.195 -2.793 -2.576 -2.341 -1.934 -1.675 -1.273 -1.009 -0.643 -0.483 -0.282 -0.185 -0.083 0.031 0.130 0.162 0.175 0.150 0.100 0.053 -0.010 -0.175 -0.195 1.017
4.000 250.000 -3.589 -3.295 -2.895 -2.680 -2.449 -2.044 -1.788 -1.390 -1.130 -0.769 -0.615 -0.422 -0.332 -0.239 -0.139 -0.061 -0.044 -0.048 -0.079 -0.131 -0.177 -0.237 -0.387 -0.405 0.855
4.000 300.000 -3.673 -3.380 -2.983 -2.769 -2.541 -2.138 -1.886 -1.491 -1.235 -0.880 -0.732 -0.547 -0.463 -0.379 -0.291 -0.233 -0.230 -0.248 -0.283 -0.336 -0.380 -0.436 -0.570 -0.588 0.716
4.000 350.000 -3.745 -3.454 -3.059 -2.846 -2.621 -2.220 -1.971 -1.579 -1.327 -0.979 -0.837 -0.660 -0.583 -0.508 -0.433 -0.394 -0.404 -0.433 -0.471 -0.524 -0.566 -0.618 -0.737 -0.753 0.591
4.000 400.000 -3.810 -3.521 -3.127 -2.915 -2.694 -2.294 -2.048 -1.660 -1.412 -1.070 -0.935 -0.765 -0.695 -0.630 -0.566 -0.547 -0.568 -0.607 -0.646 -0.699 -0.738 -0.786 -0.891 -0.906 0.472
4.000 450.000 -3.870 -3.582 -3.191 -2.981 -2.765 -2.366 -2.125 -1.739 -1.495 -1.159 -1.030 -0.869 -0.807 -0.751 -0.698 -0.697 -0.731 -0.775 -0.815 -0.867 -0.902 -0.944 -1.035 -1.049 0.360
4.000 500.000 -3.926 -3.639 -3.251 -3.042 -2.831 -2.432 -2.195 -1.812 -1.572 -1.242 -1.121 -0.968 -0.914 -0.867 -0.825 -0.842 -0.887 -0.934 -0.974 -1.023 -1.055 -1.092 -1.169 -1.182 0.256
4.000 600.000 -4.018 -3.732 -3.349 -3.142 -2.940 -2.544 -2.316 -1.942 -1.713 -1.401 -1.299 -1.168 -1.135 -1.111 -1.095 -1.149 -1.216 -1.255 -1.287 -1.325 -1.343 -1.364 -1.407 -1.417 0.065
4.000 700.000 -4.110 -3.825 -3.445 -3.240 -3.045 -2.650 -2.430 -2.063 -1.844 -1.546 -1.458 -1.344 -1.326 -1.320 -1.324 -1.405 -1.487 -1.526 -1.555 -1.589 -1.601 -1.614 -1.640 -1.649 -0.106
4.000 800.000 -4.194 -3.909 -3.532 -3.327 -3.138 -2.747 -2.534 -2.175 -1.966 -1.685 -1.613 -1.518 -1.516 -1.528 -1.551 -1.656 -1.754 -1.786 -1.811 -1.841 -1.847 -1.847 -1.855 -1.865 -0.264
4.000 1000.000 -4.369 -4.083 -3.708 -3.505 -3.324 -2.937 -2.735 -2.393 -2.203 -1.952 -1.907 -1.844 -1.869 -1.911 -1.965 -2.106 -2.227 -2.244 -2.261 -2.288 -2.288 -2.267 -2.253 -2.264 -0.544
4.000 1200.000 -4.515 -4.226 -3.852 -3.650 -3.476 -3.096 -2.908 -2.585 -2.416 -2.203 -2.188 -2.160 -2.213 -2.286 -2.370 -2.544 -2.683 -2.684 -2.693 -2.719 -2.711 -2.673 -2.638 -2.650 -0.810
4.000 1500.000 -4.739 -4.443 -4.066 -3.863 -3.699 -3.327 -3.158 -2.865 -2.728 -2.570 -2.597 -2.619 -2.711 -2.826 -2.951 -3.165 -3.331 -3.311 -3.315 -3.346 -3.332 -3.272 -3.213 -3.227 -1.191
4.500 0.000 -0.795 -0.484 -0.080 0.151 0.441 0.857 1.137 1.529 1.793 2.122 2.283 2.444 2.547 2.656 2.776 2.923 3.001 3.105 3.124 3.120 3.097 3.056 2.879 2.850 4.021
4.500 1.000 -0.862 -0.551 -0.149 0.082 0.371 0.788 1.067 1.458 1.723 2.051 2.213 2.372 2.476 2.586 2.709 2.855 2.937 3.041 3.061 3.058 3.038 2.993 2.814 2.786 3.951
4.500 5.000 -1.214 -0.905 -0.504 -0.275 0.002 0.422 0.696 1.094 1.361 1.698 1.859 2.026 2.130 2.244 2.383 2.539 2.631 2.741 2.763 2.758 2.738 2.691 2.514 2.488 3.546
4.500 10.000 -1.500 -1.193 -0.791 -0.564 -0.298 0.125 0.395 0.796 1.063 1.405 1.563 1.735 1.836 1.948 2.090 2.245 2.336 2.441 2.460 2.451 2.428 2.379 2.206 2.180 3.225
4.500 15.000 -1.703 -1.397 -0.994 -0.768 -0.506 -0.084 0.185 0.587 0.853 1.196 1.351 1.525 1.623 1.733 1.871 2.023 2.109 2.208 2.222 2.209 2.183 2.133 1.960 1.936 2.989
4.500 20.000 -1.861 -1.555 -1.151 -0.925 -0.667 -0.246 0.023 0.425 0.690 1.033 1.186 1.361 1.457 1.564 1.700 1.848 1.930 2.023 2.034 2.017 1.989 1.937 1.765 1.742 2.806
4.500 25.000 -1.990 -1.686 -1.281 -1.056 -0.801 -0.380 -0.112 0.290 0.554 0.898 1.049 1.225 1.320 1.424 1.558 1.703 1.781 1.869 1.877 1.858 1.827 1.774 1.604 1.580 2.653
4.500 30.000 -2.097 -1.793 -1.387 -1.163 -0.911 -0.490 -0.223 0.179 0.442 0.786 0.936 1.113 1.206 1.309 1.441 1.583 1.658 1.741 1.747 1.726 1.694 1.640 1.471 1.448 2.530
4.500 40.000 -2.264 -1.962 -1.555 -1.332 -1.083 -0.664 -0.398 0.004 0.266 0.610 0.758 0.935 1.025 1.125 1.253 1.390 1.459 1.536 1.539 1.514 1.480 1.426 1.259 1.236 2.340
4.500 50.000 -2.395 -2.093 -1.686 -1.464 -1.217 -0.799 -0.534 -0.133 0.128 0.471 0.617 0.794 0.882 0.979 1.104 1.237 1.301 1.372 1.372 1.343 1.307 1.253 1.088 1.065 2.193
4.500 60.000 -2.470 -2.169 -1.762 -1.540 -1.293 -0.877 -0.612 -0.212 0.048 0.388 0.534 0.710 0.797 0.892 1.012 1.141 1.201 1.267 1.264 1.234 1.196 1.143 0.977 0.955 2.101
4.500 70.000 -2.520 -2.219 -1.814 -1.592 -1.347 -0.931 -0.667 -0.268 -0.009 0.331 0.475 0.650 0.736 0.830 0.947 1.071 1.129 1.187 1.181 1.149 1.110 1.053 0.887 0.866 2.028
4.500 80.000 -2.554 -2.254 -1.849 -1.628 -1.384 -0.969 -0.706 -0.308 -0.050 0.289 0.432 0.605 0.690 0.782 0.897 1.016 1.072 1.123 1.114 1.080 1.041 0.982 0.815 0.794 1.971
4.500 90.000 -2.581 -2.282 -1.878 -1.657 -1.414 -1.000 -0.737 -0.340 -0.083 0.254 0.396 0.567 0.651 0.742 0.854 0.968 1.021 1.066 1.055 1.020 0.980 0.918 0.751 0.731 1.924
4.500 100.000 -2.606 -2.308 -1.904 -1.684 -1.442 -1.028 -0.766 -0.370 -0.114 0.222 0.363 0.532 0.615 0.704 0.813 0.924 0.973 1.013 1.000 0.963 0.922 0.859 0.693 0.672 1.882
4.500 110.000 -2.628 -2.331 -1.928 -1.708 -1.466 -1.053 -0.792 -0.398 -0.142 0.192 0.332 0.500 0.582 0.669 0.776 0.881 0.928 0.962 0.947 0.908 0.868 0.803 0.638 0.618 1.843
4.500 120.000 -2.649 -2.353 -1.950 -1.731 -1.490 -1.077 -0.817 -0.423 -0.168 0.164 0.303 0.469 0.550 0.635 0.739 0.840 0.885 0.914 0.897 0.857 0.816 0.750 0.586 0.566 1.807
4.500 130.000 -2.672 -2.376 -1.974 -1.755 -1.514 -1.103 -0.843 -0.450 -0.196 0.134 0.273 0.437 0.516 0.600 0.701 0.797 0.838 0.863 0.844 0.802 0.761 0.695 0.532 0.513 1.769
4.500 140.000 -2.695 -2.400 -1.998 -1.779 -1.538 -1.128 -0.868 -0.477 -0.224 0.105 0.243 0.405 0.483 0.565 0.663 0.755 0.792 0.812 0.791 0.748 0.707 0.641 0.479 0.460 1.731
4.500 150.000 -2.719 -2.424 -2.022 -1.804 -1.564 -1.154 -0.895 -0.505 -0.253 0.074 0.211 0.372 0.449 0.529 0.624 0.711 0.745 0.761 0.738 0.694 0.653 0.586 0.427 0.408 1.695
4.500 175.000 -2.776 -2.482 -2.082 -1.865 -1.626 -1.218 -0.960 -0.573 -0.322 0.001 0.135 0.292 0.366 0.442 0.529 0.605 0.632 0.637 0.611 0.565 0.523 0.457 0.304 0.285 1.605
4.500 200.000 -2.828 -2.535 -2.136 -1.920 -1.682 -1.276 -1.019 -0.634 -0.386 -0.066 0.066 0.218 0.290 0.361 0.442 0.508 0.527 0.523 0.493 0.446 0.403 0.338 0.191 0.173 1.525
4.500 250.000 -2.918 -2.627 -2.231 -2.016 -1.782 -1.379 -1.127 -0.745 -0.501 -0.188 -0.062 0.082 0.146 0.209 0.276 0.320 0.326 0.306 0.273 0.225 0.184 0.123 -0.009 -0.025 1.374
4.500 300.000 -2.994 -2.705 -2.312 -2.099 -1.869 -1.468 -1.219 -0.842 -0.602 -0.295 -0.175 -0.039 0.018 0.072 0.127 0.151 0.145 0.113 0.077 0.029 -0.009 -0.066 -0.182 -0.197 1.243
4.500 350.000 -3.061 -2.774 -2.382 -2.171 -1.945 -1.546 -1.301 -0.927 -0.691 -0.391 -0.278 -0.150 -0.099 -0.055 -0.012 -0.006 -0.024 -0.065 -0.103 -0.150 -0.185 -0.237 -0.339 -0.353 1.126
4.500 400.000 -3.121 -2.835 -2.446 -2.236 -2.013 -1.616 -1.374 -1.005 -0.773 -0.480 -0.373 -0.252 -0.209 -0.173 -0.142 -0.154 -0.183 -0.231 -0.269 -0.315 -0.346 -0.394 -0.482 -0.494 1.019
4.500 450.000 -3.176 -2.892 -2.507 -2.298 -2.081 -1.685 -1.448 -1.081 -0.854 -0.566 -0.466 -0.354 -0.318 -0.292 -0.271 -0.300 -0.340 -0.391 -0.430 -0.473 -0.501 -0.542 -0.617 -0.629 0.914
4.500 500.000 -3.228 -2.945 -2.563 -2.355 -2.144 -1.748 -1.516 -1.152 -0.929 -0.647 -0.555 -0.451 -0.423 -0.406 -0.395 -0.440 -0.490 -0.542 -0.580 -0.621 -0.645 -0.681 -0.743 -0.755 0.816
4.500 600.000 -3.314 -3.033 -2.656 -2.451 -2.249 -1.856 -1.634 -1.279 -1.068 -0.803 -0.729 -0.646 -0.637 -0.641 -0.655 -0.733 -0.802 -0.844 -0.873 -0.903 -0.914 -0.935 -0.968 -0.976 0.639
4.500 700.000 -3.398 -3.118 -2.746 -2.543 -2.348 -1.959 -1.744 -1.398 -1.196 -0.947 -0.887 -0.822 -0.828 -0.850 -0.882 -0.984 -1.068 -1.105 -1.130 -1.155 -1.160 -1.170 -1.185 -1.194 0.480
4.500 800.000 -3.479 -3.200 -2.831 -2.629 -2.441 -2.054 -1.847 -1.509 -1.316 -1.082 -1.037 -0.988 -1.008 -1.046 -1.095 -1.217 -1.314 -1.343 -1.363 -1.385 -1.386 -1.385 -1.386 -1.396 0.333
4.500 1000.000 -3.643 -3.363 -2.998 -2.798 -2.620 -2.238 -2.044 -1.723 -1.549 -1.345 -1.326 -1.308 -1.354 -1.420 -1.497 -1.650 -1.768 -1.776 -1.789 -1.808 -1.801 -1.780 -1.760 -1.771 0.071
4.500 1200.000 -3.780 -3.499 -3.135 -2.937 -2.767 -2.393 -2.213 -1.912 -1.759 -1.592 -1.601 -1.617 -1.689 -1.783 -1.889 -2.069 -2.204 -2.195 -2.200 -2.219 -2.206 -2.168 -2.129 -2.141 -0.177
4.500 1500.000 -3.989 -3.703 -3.338 -3.141 -2.982 -2.619 -2.459 -2.189 -2.069 -1.955 -2.007 -2.068 -2.178 -2.311 -2.452 -2.667 -2.826 -2.793 -2.792 -2.816 -2.798 -2.737 -2.675 -2.690 -0.532
5.000 0.000 -0.369 -0.067 0.328 0.553 0.836 1.239 1.504 1.866 2.104 2.381 2.515 2.641 2.727 2.819 2.924 3.053 3.124 3.206 3.217 3.207 3.178 3.133 2.963 2.936 4.225
5.000 1.000 -0.415 -0.113 0.279 0.504 0.786 1.190 1.454 1.815 2.054 2.330 2.464 2.588 2.674 2.767 2.874 3.001 3.073 3.155 3.166 3.155 3.130 3.080 2.908 2.881 4.175
5.000 5.000 -0.686 -0.385 0.006 0.230 0.504 0.910 1.172 1.536 1.775 2.058 2.190 2.319 2.406 2.502 2.620 2.755 2.835 2.925 2.938 2.928 2.907 2.854 2.681 2.656 3.863
5.000 10.000 -0.940 -0.641 -0.251 -0.028 0.237 0.645 0.903 1.270 1.510 1.796 1.926 2.059 2.144 2.238 2.358 2.493 2.572 2.659 2.670 2.657 2.633 2.579 2.410 2.386 3.571
5.000 15.000 -1.127 -0.829 -0.437 -0.215 0.046 0.453 0.711 1.078 1.317 1.604 1.732 1.866 1.949 2.040 2.158 2.289 2.365 2.445 2.453 2.437 2.411 2.355 2.188 2.165 3.354
5.000 20.000 -1.268 -0.971 -0.579 -0.358 -0.100 0.306 0.563 0.930 1.168 1.455 1.581 1.716 1.797 1.886 2.001 2.128 2.200 2.274 2.279 2.260 2.232 2.175 2.011 1.988 3.188
5.000 25.000 -1.386 -1.090 -0.697 -0.477 -0.222 0.184 0.439 0.807 1.044 1.331 1.455 1.591 1.669 1.756 1.869 1.992 2.060 2.129 2.131 2.110 2.080 2.022 1.860 1.838 3.046
5.000 30.000 -1.484 -1.188 -0.795 -0.576 -0.324 0.081 0.336 0.704 0.940 1.228 1.350 1.487 1.563 1.648 1.759 1.879 1.944 2.009 2.008 1.985 1.954 1.896 1.735 1.714 2.932
5.000 40.000 -1.640 -1.345 -0.951 -0.733 -0.485 -0.081 0.173 0.540 0.775 1.062 1.183 1.319 1.393 1.475 1.582 1.697 1.756 1.815 1.811 1.785 1.752 1.693 1.536 1.515 2.755
5.000 50.000 -1.763 -1.469 -1.075 -0.858 -0.613 -0.210 0.043 0.410 0.643 0.930 1.049 1.186 1.258 1.337 1.440 1.551 1.606 1.659 1.652 1.623 1.590 1.530 1.375 1.354 2.617
5.000 60.000 -1.834 -1.542 -1.148 -0.931 -0.686 -0.284 -0.032 0.334 0.566 0.851 0.969 1.105 1.176 1.253 1.353 1.460 1.510 1.558 1.549 1.519 1.484 1.425 1.270 1.248 2.531
5.000 70.000 -1.881 -1.589 -1.197 -0.981 -0.737 -0.336 -0.085 0.280 0.512 0.796 0.913 1.047 1.117 1.193 1.290 1.392 1.441 1.481 1.469 1.437 1.401 1.339 1.183 1.163 2.462
5.000 80.000 -1.911 -1.620 -1.228 -1.013 -0.771 -0.371 -0.121 0.243 0.474 0.757 0.873 1.005 1.074 1.148 1.242 1.340 1.386 1.420 1.405 1.372 1.335 1.271 1.115 1.096 2.409
5.000 90.000 -1.937 -1.646 -1.255 -1.040 -0.799 -0.400 -0.150 0.213 0.443 0.724 0.839 0.969 1.037 1.110 1.201 1.294 1.338 1.365 1.349 1.314 1.277 1.210 1.055 1.036 2.366
5.000 100.000 -1.960 -1.670 -1.280 -1.065 -0.825 -0.426 -0.178 0.184 0.414 0.693 0.807 0.936 1.003 1.073 1.163 1.250 1.292 1.314 1.296 1.259 1.222 1.154 0.999 0.980 2.327
5.000 110.000 -1.980 -1.691 -1.302 -1.087 -0.848 -0.450 -0.202 0.158 0.387 0.665 0.778 0.905 0.970 1.040 1.126 1.209 1.248 1.265 1.245 1.207 1.170 1.101 0.947 0.929 2.291
5.000 120.000 -1.999 -1.711 -1.322 -1.108 -0.869 -0.472 -0.225 0.134 0.362 0.639 0.751 0.876 0.941 1.008 1.092 1.171 1.207 1.220 1.198 1.159 1.122 1.051 0.898 0.880 2.257
5.000 130.000 -2.020 -1.732 -1.344 -1.130 -0.892 -0.496 -0.249 0.109 0.336 0.611 0.722 0.846 0.909 0.974 1.055 1.129 1.162 1.170 1.147 1.106 1.069 0.998 0.847 0.829 2.222
5.000 140.000 -2.041 -1.754 -1.366 -1.153 -0.915 -0.520 -0.274 0.083 0.309 0.583 0.693 0.815 0.877 0.940 1.018 1.087 1.117 1.121 1.096 1.055 1.017 0.947 0.797 0.780 2.188
5.000 150.000 -2.063 -1.777 -1.389 -1.176 -0.939 -0.544 -0.299 0.057 0.282 0.554 0.663 0.783 0.844 0.906 0.980 1.045 1.072 1.071 1.045 1.003 0.966 0.895 0.748 0.731 2.154
5.000 175.000 -2.116 -1.831 -1.445 -1.233 -0.997 -0.604 -0.361 -0.007 0.216 0.484 0.590 0.706 0.764 0.821 0.888 0.942 0.962 0.952 0.922 0.879 0.842 0.772 0.631 0.615 2.072
5.000 200.000 -2.163 -1.879 -1.494 -1.283 -1.048 -0.658 -0.416 -0.065 0.156 0.420 0.523 0.635 0.690 0.743 0.803 0.846 0.859 0.840 0.808 0.764 0.727 0.659 0.525 0.510 1.997
5.000 250.000 -2.246 -1.964 -1.583 -1.374 -1.144 -0.756 -0.518 -0.172 0.045 0.302 0.400 0.503 0.551 0.594 0.641 0.664 0.664 0.631 0.596 0.552 0.518 0.454 0.335 0.321 1.857
5.000 300.000 -2.315 -2.036 -1.658 -1.451 -1.225 -0.840 -0.605 -0.263 -0.051 0.200 0.291 0.386 0.426 0.461 0.496 0.499 0.487 0.444 0.407 0.365 0.334 0.274 0.171 0.158 1.735
5.000 350.000 -2.378 -2.100 -1.725 -1.519 -1.297 -0.915 -0.684 -0.346 -0.138 0.106 0.191 0.278 0.312 0.338 0.360 0.346 0.324 0.273 0.235 0.195 0.166 0.112 0.023 0.011 1.626
5.000 400.000 -2.434 -2.158 -1.785 -1.581 -1.363 -0.983 -0.756 -0.422 -0.218 0.019 0.098 0.178 0.204 0.221 0.233 0.202 0.171 0.115 0.078 0.039 0.015 -0.034 -0.110 -0.121 1.531
5.000 450.000 -2.486 -2.212 -1.842 -1.640 -1.428 -1.048 -0.827 -0.495 -0.296 -0.064 0.008 0.079 0.098 0.106 0.108 0.061 0.020 -0.037 -0.074 -0.110 -0.131 -0.174 -0.237 -0.248 1.433
5.000 500.000 -2.534 -2.262 -1.896 -1.695 -1.488 -1.109 -0.893 -0.565 -0.369 -0.143 -0.079 -0.016 -0.004 -0.005 -0.012 -0.074 -0.124 -0.181 -0.216 -0.250 -0.267 -0.304 -0.355 -0.366 1.342
5.000 600.000 -2.615 -2.344 -1.985 -1.787 -1.589 -1.214 -1.007 -0.689 -0.504 -0.296 -0.248 -0.207 -0.213 -0.234 -0.265 -0.356 -0.423 -0.467 -0.493 -0.515 -0.519 -0.543 -0.567 -0.575 1.177
5.000 700.000 -2.695 -2.426 -2.071 -1.875 -1.686 -1.313 -1.114 -0.804 -0.628 -0.434 -0.400 -0.374 -0.394 -0.432 -0.479 -0.591 -0.672 -0.708 -0.730 -0.748 -0.748 -0.760 -0.769 -0.778 1.029
5.000 800.000 -2.772 -2.503 -2.152 -1.958 -1.776 -1.406 -1.215 -0.913 -0.747 -0.567 -0.547 -0.537 -0.571 -0.624 -0.687 -0.816 -0.909 -0.934 -0.952 -0.967 -0.961 -0.963 -0.959 -0.968 0.892
5.000 1000.000 -2.927 -2.659 -2.312 -2.120 -1.948 -1.585 -1.407 -1.123 -0.974 -0.824 -0.830 -0.849 -0.906 -0.986 -1.074 -1.229 -1.340 -1.343 -1.353 -1.364 -1.352 -1.334 -1.310 -1.322 0.647
5.000 1200.000 -3.056 -2.788 -2.444 -2.254 -2.092 -1.736 -1.573 -1.307 -1.180 -1.064 -1.097 -1.147 -1.229 -1.334 -1.449 -1.629 -1.757 -1.742 -1.745 -1.758 -1.742 -1.706 -1.664 -1.678 0.418
5.000 1500.000 -3.254 -2.981 -2.638 -2.450 -2.300 -1.956 -1.814 -1.579 -1.484 -1.420 -1.493 -1.586 -1.703 -1.844 -1.991 -2.198 -2.349 -2.306 -2.302 -2.321 -2.299 -2.241 -2.179 -2.195 0.088
5.500 0.000 0.052 0.339 0.712 0.925 1.190 1.567 1.807 2.128 2.334 2.565 2.674 2.778 2.852 2.933 3.030 3.147 3.211 3.280 3.285 3.271 3.239 3.192 3.032 3.006 4.367
5.500 1.000 0.018 0.305 0.675 0.888 1.153 1.531 1.771 2.090 2.297 2.526 2.635 2.736 2.812 2.893 2.990 3.105 3.169 3.237 3.241 3.227 3.197 3.146 2.982 2.956 4.332
5.500 5.000 -0.174 0.112 0.481 0.693 0.955 1.335 1.573 1.893 2.100 2.331 2.441 2.542 2.619 2.702 2.806 2.925 2.995 3.068 3.074 3.060 3.036 2.979 2.813 2.787 4.119
5.500 10.000 -0.389 -0.105 0.264 0.475 0.731 1.111 1.347 1.669 1.876 2.110 2.218 2.322 2.397 2.479 2.585 2.703 2.772 2.844 2.849 2.834 2.810 2.751 2.587 2.563 3.870
5.500 15.000 -0.555 -0.271 0.098 0.309 0.560 0.940 1.175 1.497 1.704 1.938 2.044 2.149 2.223 2.302 2.406 2.521 2.587 2.654 2.656 2.639 2.613 2.553 2.392 2.369 3.676
5.500 20.000 -0.682 -0.399 -0.030 0.180 0.428 0.807 1.041 1.363 1.569 1.804 1.908 2.014 2.085 2.162 2.263 2.375 2.437 2.498 2.497 2.478 2.451 2.390 2.233 2.210 3.526
5.500 25.000 -0.788 -0.506 -0.136 0.073 0.318 0.696 0.929 1.252 1.457 1.691 1.794 1.900 1.969 2.044 2.142 2.249 2.308 2.363 2.360 2.339 2.310 2.249 2.094 2.073 3.397
5.500 30.000 -0.878 -0.596 -0.227 -0.019 0.224 0.602 0.834 1.156 1.361 1.596 1.696 1.803 1.870 1.944 2.040 2.144 2.200 2.251 2.245 2.223 2.193 2.131 1.979 1.958 3.292
5.500 40.000 -1.019 -0.739 -0.370 -0.162 0.075 0.453 0.683 1.006 1.209 1.444 1.542 1.648 1.714 1.784 1.876 1.975 2.026 2.070 2.061 2.036 2.006 1.943 1.794 1.773 3.128
5.500 50.000 -1.133 -0.854 -0.485 -0.278 -0.044 0.333 0.561 0.884 1.086 1.321 1.417 1.524 1.587 1.654 1.744 1.838 1.885 1.925 1.913 1.886 1.854 1.791 1.645 1.624 3.000
5.500 60.000 -1.200 -0.922 -0.553 -0.347 -0.114 0.262 0.490 0.812 1.013 1.247 1.342 1.448 1.510 1.576 1.661 1.752 1.795 1.830 1.816 1.788 1.755 1.691 1.545 1.524 2.921
5.500 70.000 -1.242 -0.964 -0.597 -0.392 -0.161 0.214 0.441 0.762 0.962 1.196 1.290 1.394 1.455 1.520 1.603 1.689 1.730 1.757 1.741 1.711 1.677 1.611 1.464 1.444 2.857
5.500 80.000 -1.269 -0.993 -0.626 -0.422 -0.192 0.183 0.408 0.728 0.928 1.160 1.253 1.356 1.415 1.478 1.558 1.640 1.679 1.700 1.681 1.650 1.616 1.547 1.401 1.381 2.807
5.500 90.000 -1.291 -1.016 -0.650 -0.447 -0.218 0.156 0.381 0.700 0.899 1.129 1.221 1.322 1.381 1.442 1.520 1.596 1.632 1.648 1.627 1.595 1.561 1.490 1.344 1.325 2.767
5.500 100.000 -1.311 -1.037 -0.672 -0.469 -0.242 0.132 0.356 0.674 0.872 1.101 1.192 1.291 1.348 1.408 1.483 1.555 1.589 1.599 1.577 1.543 1.509 1.437 1.292 1.273 2.731
5.500 110.000 -1.330 -1.056 -0.692 -0.489 -0.263 0.110 0.333 0.650 0.847 1.075 1.165 1.262 1.319 1.376 1.449 1.516 1.547 1.553 1.529 1.494 1.460 1.387 1.243 1.224 2.699
5.500 120.000 -1.347 -1.073 -0.711 -0.508 -0.283 0.089 0.311 0.627 0.824 1.051 1.139 1.235 1.290 1.346 1.416 1.479 1.508 1.509 1.483 1.448 1.414 1.340 1.197 1.178 2.668
5.500 130.000 -1.366 -1.093 -0.731 -0.529 -0.304 0.067 0.288 0.603 0.799 1.024 1.112 1.206 1.259 1.313 1.381 1.438 1.464 1.461 1.434 1.397 1.364 1.289 1.149 1.131 2.637
5.500 140.000 -1.385 -1.113 -0.752 -0.550 -0.326 0.045 0.265 0.579 0.774 0.997 1.084 1.176 1.229 1.281 1.345 1.398 1.421 1.414 1.385 1.348 1.314 1.240 1.101 1.084 2.606
5.500 150.000 -1.405 -1.134 -0.773 -0.572 -0.348 0.021 0.241 0.554 0.748 0.970 1.056 1.146 1.198 1.248 1.309 1.358 1.378 1.367 1.337 1.299 1.266 1.191 1.055 1.037 2.575
5.500 175.000 -1.454 -1.184 -0.825 -0.625 -0.403 -0.035 0.183 0.493 0.685 0.903 0.986 1.073 1.120 1.166 1.220 1.258 1.271 1.251 1.219 1.181 1.147 1.075 0.945 0.928 2.500
5.500 200.000 -1.496 -1.228 -0.871 -0.672 -0.451 -0.086 0.131 0.439 0.628 0.843 0.923 1.005 1.049 1.090 1.137 1.164 1.171 1.143 1.109 1.071 1.038 0.967 0.845 0.829 2.430
5.500 250.000 -1.573 -1.307 -0.954 -0.757 -0.541 -0.178 0.034 0.337 0.523 0.731 0.804 0.877 0.915 0.946 0.980 0.986 0.981 0.941 0.905 0.867 0.838 0.771 0.664 0.650 2.297
5.500 300.000 -1.639 -1.375 -1.025 -0.829 -0.619 -0.258 -0.050 0.249 0.430 0.632 0.699 0.764 0.794 0.816 0.838 0.826 0.810 0.761 0.724 0.688 0.662 0.600 0.508 0.495 2.182
5.500 350.000 -1.697 -1.435 -1.088 -0.894 -0.688 -0.330 -0.126 0.170 0.346 0.541 0.602 0.659 0.682 0.695 0.705 0.676 0.651 0.597 0.559 0.526 0.504 0.447 0.368 0.357 2.085
5.500 400.000 -1.750 -1.490 -1.145 -0.953 -0.750 -0.395 -0.194 0.097 0.269 0.457 0.512 0.561 0.577 0.581 0.581 0.536 0.502 0.444 0.408 0.377 0.359 0.308 0.242 0.231 1.996
5.500 450.000 -1.799 -1.541 -1.199 -1.009 -0.811 -0.457 -0.261 0.026 0.195 0.376 0.425 0.465 0.474 0.470 0.459 0.400 0.357 0.299 0.264 0.236 0.221 0.176 0.122 0.112 1.905
5.500 500.000 -1.845 -1.588 -1.250 -1.061 -0.868 -0.515 -0.324 -0.040 0.125 0.300 0.342 0.374 0.376 0.363 0.343 0.270 0.219 0.163 0.129 0.104 0.093 0.054 0.011 0.000 1.820
5.500 600.000 -1.922 -1.667 -1.335 -1.149 -0.965 -0.615 -0.434 -0.160 -0.006 0.152 0.177 0.189 0.174 0.141 0.099 0.000 -0.067 -0.108 -0.133 -0.146 -0.145 -0.171 -0.189 -0.197 1.668
5.500 700.000 -2.000 -1.746 -1.418 -1.234 -1.058 -0.711 -0.537 -0.271 -0.126 0.018 0.030 0.027 0.000 -0.048 -0.106 -0.222 -0.300 -0.332 -0.352 -0.361 -0.356 -0.371 -0.375 -0.385 1.532
5.500 800.000 -2.073 -1.821 -1.497 -1.314 -1.145 -0.802 -0.636 -0.378 -0.242 -0.112 -0.113 -0.131 -0.171 -0.234 -0.307 -0.438 -0.526 -0.547 -0.562 -0.568 -0.558 -0.562 -0.554 -0.565 1.406
5.500 1000.000 -2.221 -1.970 -1.650 -1.470 -1.311 -0.975 -0.822 -0.581 -0.462 -0.361 -0.386 -0.432 -0.494 -0.581 -0.678 -0.830 -0.936 -0.933 -0.941 -0.944 -0.930 -0.913 -0.887 -0.901 1.179
5.500 1200.000 -2.342 -2.090 -1.774 -1.597 -1.448 -1.120 -0.981 -0.760 -0.662 -0.595 -0.646 -0.721 -0.808 -0.919 -1.040 -1.212 -1.333 -1.309 -1.310 -1.315 -1.295 -1.262 -1.219 -1.235 0.967
5.500 1500.000 -2.529 -2.275 -1.960 -1.785 -1.650 -1.334 -1.217 -1.026 -0.959 -0.941 -1.030 -1.144 -1.262 -1.406 -1.555 -1.748 -1.888 -1.835 -1.830 -1.839 -1.816 -1.761 -1.700 -1.718 0.664
6.000 0.000 0.454 0.720 1.063 1.259 1.502 1.843 2.053 2.327 2.501 2.692 2.784 2.872 2.941 3.015 3.105 3.214 3.272 3.330 3.331 3.316 3.281 3.233 3.080 3.054 4.482
6.000 1.000 0.428 0.694 1.034 1.230 1.472 1.814 2.023 2.297 2.472 2.661 2.753 2.839 2.908 2.982 3.073 3.179 3.237 3.295 3.294 3.278 3.245 3.192 3.035 3.010 4.455
6.000 5.000 0.295 0.560 0.898 1.094 1.338 1.680 1.889 2.160 2.336 2.523 2.617 2.699 2.770 2.844 2.937 3.043 3.102 3.164 3.164 3.148 3.120 3.063 2.903 2.877 4.318
6.000 10.000 0.128 0.392 0.729 0.925 1.165 1.507 1.715 1.986 2.162 2.349 2.441 2.524 2.593 2.665 2.758 2.862 2.918 2.979 2.979 2.962 2.934 2.878 2.722 2.697 4.126
6.000 15.000 -0.014 0.250 0.587 0.782 1.019 1.361 1.568 1.839 2.014 2.201 2.292 2.375 2.443 2.513 2.603 2.704 2.758 2.815 2.812 2.794 2.766 2.710 2.557 2.533 3.962
6.000 20.000 -0.127 0.136 0.473 0.667 0.901 1.242 1.449 1.720 1.895 2.082 2.171 2.255 2.321 2.389 2.477 2.575 2.625 2.678 2.673 2.652 2.623 2.566 2.416 2.393 3.832
6.000 25.000 -0.221 0.041 0.378 0.572 0.803 1.143 1.349 1.620 1.794 1.982 2.069 2.152 2.217 2.282 2.368 2.461 2.508 2.555 2.547 2.525 2.495 2.437 2.291 2.268 3.716
6.000 30.000 -0.303 -0.042 0.295 0.488 0.716 1.057 1.261 1.532 1.705 1.894 1.979 2.063 2.126 2.190 2.274 2.364 2.408 2.450 2.441 2.417 2.386 2.328 2.184 2.162 3.619
6.000 40.000 -0.435 -0.175 0.162 0.354 0.577 0.917 1.120 1.392 1.564 1.753 1.836 1.920 1.980 2.041 2.122 2.207 2.246 2.282 2.269 2.243 2.211 2.151 2.011 1.989 3.468
6.000 50.000 -0.540 -0.282 0.055 0.246 0.465 0.805 1.005 1.278 1.449 1.638 1.719 1.804 1.862 1.921 1.999 2.080 2.115 2.147 2.131 2.104 2.070 2.010 1.872 1.850 3.350
6.000 60.000 -0.602 -0.344 -0.008 0.182 0.400 0.739 0.939 1.211 1.381 1.570 1.650 1.734 1.792 1.849 1.923 2.001 2.033 2.060 2.042 2.014 1.979 1.919 1.780 1.758 3.277
6.000 70.000 -0.640 -0.383 -0.049 0.140 0.356 0.695 0.893 1.165 1.334 1.523 1.602 1.685 1.741 1.797 1.869 1.943 1.973 1.993 1.972 1.943 1.907 1.844 1.706 1.685 3.217
6.000 80.000 -0.665 -0.409 -0.076 0.113 0.327 0.665 0.862 1.133 1.302 1.490 1.568 1.649 1.704 1.759 1.829 1.898 1.926 1.940 1.917 1.886 1.850 1.785 1.646 1.626 3.172
6.000 90.000 -0.685 -0.430 -0.098 0.090 0.303 0.641 0.837 1.107 1.276 1.462 1.539 1.619 1.672 1.725 1.793 1.857 1.883 1.892 1.867 1.835 1.799 1.732 1.594 1.573 3.136
6.000 100.000 -0.703 -0.448 -0.117 0.070 0.282 0.619 0.814 1.084 1.251 1.437 1.513 1.591 1.643 1.694 1.760 1.819 1.843 1.847 1.821 1.787 1.752 1.683 1.546 1.526 3.103
6.000 110.000 -0.719 -0.465 -0.135 0.052 0.262 0.599 0.793 1.062 1.229 1.413 1.487 1.564 1.615 1.664 1.727 1.782 1.803 1.803 1.775 1.741 1.705 1.636 1.500 1.480 3.073
6.000 120.000 -0.734 -0.480 -0.152 0.035 0.244 0.581 0.774 1.042 1.208 1.391 1.464 1.539 1.589 1.636 1.697 1.747 1.766 1.761 1.732 1.697 1.662 1.591 1.457 1.438 3.046
6.000 130.000 -0.751 -0.499 -0.171 0.016 0.224 0.560 0.753 1.019 1.185 1.366 1.438 1.511 1.560 1.605 1.663 1.708 1.724 1.715 1.684 1.649 1.614 1.544 1.412 1.393 3.017
6.000 140.000 -0.770 -0.518 -0.190 -0.004 0.203 0.538 0.730 0.996 1.160 1.340 1.412 1.483 1.530 1.574 1.628 1.669 1.682 1.670 1.638 1.602 1.567 1.497 1.367 1.348 2.987
6.000 150.000 -0.788 -0.537 -0.210 -0.025 0.182 0.516 0.707 0.972 1.136 1.315 1.385 1.454 1.500 1.542 1.594 1.630 1.640 1.624 1.591 1.555 1.521 1.450 1.323 1.304 2.959
6.000 175.000 -0.832 -0.582 -0.258 -0.073 0.131 0.464 0.653 0.915 1.077 1.252 1.320 1.384 1.427 1.464 1.508 1.533 1.537 1.513 1.478 1.442 1.409 1.340 1.220 1.202 2.890
6.000 200.000 -0.873 -0.624 -0.301 -0.118 0.085 0.416 0.603 0.863 1.023 1.194 1.259 1.319 1.358 1.390 1.428 1.443 1.440 1.409 1.372 1.336 1.304 1.237 1.124 1.107 2.826
6.000 250.000 -0.944 -0.698 -0.379 -0.198 -0.000 0.328 0.511 0.767 0.923 1.088 1.146 1.197 1.229 1.251 1.276 1.270 1.256 1.214 1.176 1.141 1.113 1.050 0.953 0.937 2.705
6.000 300.000 -1.010 -0.765 -0.449 -0.270 -0.076 0.250 0.429 0.681 0.833 0.992 1.044 1.087 1.112 1.126 1.139 1.116 1.092 1.043 1.004 0.972 0.946 0.888 0.805 0.790 2.600
6.000 350.000 -1.064 -0.821 -0.508 -0.330 -0.141 0.183 0.358 0.606 0.753 0.905 0.951 0.986 1.004 1.008 1.009 0.969 0.936 0.883 0.845 0.816 0.795 0.742 0.673 0.660 2.509
6.000 400.000 -1.114 -0.873 -0.563 -0.386 -0.200 0.120 0.292 0.536 0.679 0.824 0.863 0.890 0.901 0.897 0.888 0.833 0.791 0.736 0.700 0.674 0.657 0.610 0.553 0.541 2.426
6.000 450.000 -1.162 -0.923 -0.615 -0.440 -0.259 0.060 0.228 0.468 0.607 0.746 0.779 0.798 0.802 0.788 0.770 0.701 0.652 0.597 0.562 0.540 0.526 0.485 0.440 0.428 2.342
6.000 500.000 -1.208 -0.970 -0.665 -0.491 -0.314 0.003 0.167 0.404 0.539 0.671 0.698 0.709 0.706 0.684 0.656 0.576 0.519 0.467 0.435 0.415 0.405 0.370 0.335 0.324 2.265
6.000 600.000 -1.282 -1.046 -0.746 -0.575 -0.406 -0.092 0.062 0.289 0.414 0.529 0.539 0.531 0.512 0.471 0.422 0.320 0.250 0.214 0.191 0.183 0.184 0.162 0.149 0.139 2.127
6.000 700.000 -1.358 -1.124 -0.828 -0.659 -0.497 -0.187 -0.039 0.180 0.297 0.398 0.396 0.373 0.342 0.287 0.223 0.105 0.025 -0.001 -0.019 -0.023 -0.018 -0.029 -0.028 -0.039 1.999
6.000 800.000 -1.426 -1.193 -0.900 -0.733 -0.577 -0.271 -0.131 0.080 0.187 0.273 0.259 0.221 0.177 0.107 0.029 -0.101 -0.189 -0.202 -0.215 -0.214 -0.205 -0.205 -0.193 -0.205 1.883
6.000 1000.000 -1.565 -1.333 -1.045 -0.880 -0.735 -0.436 -0.309 -0.115 -0.025 0.034 -0.004 -0.069 -0.133 -0.226 -0.327 -0.475 -0.580 -0.568 -0.574 -0.571 -0.558 -0.538 -0.509 -0.525 1.675
6.000 1200.000 -1.682 -1.451 -1.166 -1.004 -0.869 -0.578 -0.466 -0.291 -0.220 -0.194 -0.257 -0.349 -0.436 -0.551 -0.673 -0.837 -0.954 -0.922 -0.921 -0.919 -0.902 -0.866 -0.822 -0.839 1.477
6.000 1500.000 -1.861 -1.627 -1.344 -1.186 -1.065 -0.787 -0.695 -0.550 -0.509 -0.529 -0.628 -0.755 -0.872 -1.017 -1.164 -1.345 -1.481 -1.419 -1.412 -1.417 -1.397 -1.338 -1.277 -1.299 1.196
6.500 0.000 0.827 1.067 1.373 1.549 1.768 2.066 2.245 2.474 2.621 2.778 2.861 2.938 3.005 3.074 3.159 3.263 3.318 3.370 3.368 3.353 3.316 3.268 3.118 3.092 4.587
6.500 1.000 0.806 1.045 1.349 1.525 1.744 2.042 2.221 2.448 2.596 2.753 2.836 2.910 2.978 3.047 3.133 3.235 3.289 3.341 3.337 3.321 3.286 3.232 3.078 3.053 4.564
6.500 5.000 0.710 0.949 1.250 1.427 1.648 1.947 2.126 2.350 2.499 2.651 2.735 2.806 2.875 2.943 3.029 3.129 3.181 3.237 3.233 3.217 3.185 3.129 2.973 2.947 4.475
6.500 10.000 0.587 0.826 1.126 1.302 1.523 1.821 2.000 2.222 2.370 2.520 2.603 2.671 2.739 2.804 2.887 2.983 3.031 3.087 3.083 3.067 3.037 2.984 2.833 2.807 4.338
6.500 15.000 0.470 0.708 1.009 1.184 1.404 1.701 1.879 2.101 2.249 2.399 2.480 2.549 2.614 2.678 2.759 2.852 2.897 2.951 2.946 2.928 2.898 2.846 2.697 2.672 4.209
6.500 20.000 0.371 0.608 0.909 1.084 1.301 1.597 1.775 1.997 2.145 2.295 2.375 2.444 2.508 2.570 2.649 2.739 2.782 2.832 2.825 2.806 2.775 2.722 2.576 2.551 4.099
6.500 25.000 0.285 0.522 0.822 0.996 1.210 1.507 1.684 1.906 2.053 2.203 2.282 2.351 2.414 2.474 2.551 2.638 2.678 2.723 2.714 2.694 2.662 2.608 2.465 2.440 3.998
6.500 30.000 0.210 0.446 0.746 0.920 1.131 1.428 1.603 1.826 1.972 2.123 2.201 2.270 2.332 2.391 2.467 2.551 2.588 2.630 2.619 2.597 2.564 2.509 2.368 2.344 3.911
6.500 40.000 0.088 0.323 0.623 0.795 1.002 1.299 1.472 1.696 1.841 1.993 2.069 2.139 2.198 2.255 2.328 2.408 2.441 2.476 2.462 2.437 2.403 2.347 2.208 2.185 3.773
6.500 50.000 -0.010 0.224 0.523 0.695 0.898 1.194 1.367 1.590 1.735 1.888 1.962 2.032 2.090 2.144 2.215 2.291 2.321 2.351 2.334 2.309 2.274 2.217 2.081 2.058 3.665
6.500 60.000 -0.066 0.168 0.465 0.636 0.838 1.134 1.305 1.529 1.673 1.826 1.899 1.968 2.025 2.078 2.147 2.220 2.246 2.273 2.254 2.228 2.191 2.134 1.998 1.975 3.598
6.500 70.000 -0.101 0.131 0.427 0.598 0.797 1.092 1.262 1.486 1.630 1.783 1.855 1.923 1.980 2.031 2.098 2.167 2.193 2.212 2.190 2.163 2.125 2.065 1.929 1.907 3.543
6.500 80.000 -0.124 0.108 0.403 0.573 0.770 1.065 1.234 1.458 1.601 1.753 1.824 1.891 1.946 1.997 2.062 2.126 2.150 2.163 2.139 2.110 2.073 2.010 1.874 1.852 3.502
6.500 90.000 -0.141 0.090 0.384 0.553 0.748 1.044 1.211 1.434 1.577 1.729 1.798 1.864 1.918 1.967 2.029 2.090 2.111 2.120 2.094 2.064 2.026 1.961 1.826 1.804 3.469
6.500 100.000 -0.157 0.073 0.366 0.535 0.729 1.024 1.190 1.413 1.555 1.706 1.774 1.839 1.891 1.938 1.999 2.055 2.074 2.078 2.050 2.019 1.982 1.916 1.782 1.760 3.439
6.500 110.000 -0.171 0.058 0.350 0.519 0.711 1.006 1.172 1.393 1.535 1.684 1.752 1.814 1.866 1.911 1.969 2.020 2.037 2.036 2.007 1.976 1.938 1.872 1.739 1.718 3.413
6.500 120.000 -0.184 0.044 0.335 0.504 0.695 0.989 1.154 1.375 1.516 1.664 1.731 1.791 1.841 1.885 1.940 1.987 2.001 1.996 1.966 1.934 1.897 1.829 1.699 1.678 3.389
6.500 130.000 -0.201 0.027 0.317 0.485 0.676 0.969 1.133 1.353 1.494 1.641 1.706 1.765 1.814 1.855 1.908 1.950 1.961 1.953 1.921 1.888 1.852 1.784 1.656 1.635 3.362
6.500 140.000 -0.218 0.009 0.298 0.466 0.656 0.949 1.112 1.331 1.471 1.617 1.681 1.738 1.786 1.825 1.875 1.913 1.921 1.909 1.877 1.844 1.807 1.740 1.614 1.593 3.335
6.500 150.000 -0.235 -0.007 0.281 0.448 0.637 0.930 1.092 1.310 1.449 1.594 1.656 1.712 1.758 1.796 1.843 1.876 1.881 1.866 1.832 1.799 1.763 1.696 1.573 1.553 3.311
6.500 175.000 -0.275 -0.049 0.237 0.403 0.590 0.881 1.041 1.257 1.395 1.536 1.595 1.646 1.689 1.721 1.761 1.783 1.782 1.759 1.724 1.691 1.657 1.591 1.476 1.457 3.249
6.500 200.000 -0.313 -0.089 0.195 0.361 0.545 0.835 0.993 1.208 1.343 1.481 1.537 1.584 1.623 1.651 1.684 1.695 1.688 1.658 1.621 1.589 1.556 1.492 1.384 1.366 3.191
6.500 250.000 -0.385 -0.163 0.118 0.281 0.462 0.750 0.904 1.115 1.246 1.378 1.429 1.467 1.499 1.518 1.539 1.530 1.512 1.473 1.435 1.405 1.375 1.315 1.222 1.205 3.080
6.500 300.000 -0.447 -0.227 0.051 0.213 0.390 0.675 0.826 1.033 1.161 1.286 1.331 1.361 1.387 1.396 1.406 1.381 1.353 1.308 1.270 1.242 1.216 1.161 1.082 1.066 2.984
6.500 350.000 -0.499 -0.280 -0.005 0.156 0.328 0.611 0.758 0.962 1.085 1.204 1.242 1.264 1.282 1.282 1.280 1.239 1.202 1.154 1.117 1.092 1.071 1.021 0.957 0.943 2.899
6.500 400.000 -0.545 -0.328 -0.055 0.104 0.272 0.553 0.697 0.896 1.015 1.127 1.159 1.173 1.183 1.174 1.162 1.105 1.061 1.012 0.976 0.956 0.939 0.896 0.844 0.831 2.822
6.500 450.000 -0.593 -0.377 -0.107 0.051 0.216 0.495 0.635 0.831 0.946 1.051 1.077 1.083 1.087 1.069 1.047 0.978 0.927 0.879 0.846 0.829 0.816 0.778 0.738 0.725 2.746
6.500 500.000 -0.638 -0.423 -0.155 0.002 0.163 0.440 0.577 0.769 0.880 0.979 0.999 0.997 0.994 0.968 0.937 0.857 0.799 0.754 0.723 0.710 0.701 0.669 0.639 0.626 2.675
6.500 600.000 -0.707 -0.494 -0.230 -0.076 0.078 0.351 0.479 0.662 0.763 0.845 0.848 0.828 0.809 0.764 0.713 0.613 0.544 0.516 0.495 0.493 0.493 0.475 0.466 0.454 2.549
6.500 700.000 -0.782 -0.571 -0.310 -0.158 -0.010 0.259 0.381 0.556 0.649 0.717 0.708 0.673 0.643 0.584 0.518 0.405 0.327 0.309 0.293 0.296 0.301 0.292 0.296 0.284 2.428
6.500 800.000 -0.843 -0.633 -0.374 -0.224 -0.083 0.182 0.296 0.462 0.546 0.599 0.577 0.527 0.484 0.411 0.331 0.207 0.123 0.119 0.109 0.117 0.126 0.129 0.144 0.130 2.323
6.500 1000.000 -0.973 -0.764 -0.510 -0.363 -0.232 0.026 0.127 0.277 0.343 0.368 0.324 0.248 0.185 0.090 -0.011 -0.149 -0.248 -0.227 -0.229 -0.219 -0.207 -0.184 -0.153 -0.171 2.130
6.500 1200.000 -1.089 -0.880 -0.629 -0.485 -0.364 -0.114 -0.027 0.105 0.152 0.147 0.078 -0.022 -0.106 -0.222 -0.342 -0.492 -0.603 -0.560 -0.556 -0.548 -0.533 -0.494 -0.450 -0.470 1.944
6.500 1500.000 -1.256 -1.046 -0.797 -0.656 -0.550 -0.314 -0.247 -0.145 -0.127 -0.178 -0.282 -0.417 -0.529 -0.672 -0.814 -0.977 -1.106 -1.032 -1.023 -1.021 -1.005 -0.942 -0.882 -0.906 1.682
7.000 0.000 1.167 1.378 1.645 1.799 1.993 2.246 2.397 2.584 2.709 2.842 2.919 2.990 3.055 3.121 3.202 3.304 3.356 3.404 3.400 3.386 3.347 3.299 3.151 3.126 4.710
7.000 1.000 1.148 1.359 1.623 1.777 1.972 2.225 2.376 2.562 2.688 2.819 2.898 2.965 3.033 3.098 3.180 3.280 3.332 3.380 3.375 3.359 3.322 3.269 3.117 3.092 4.689
7.000 5.000 1.074 1.285 1.546 1.701 1.899 2.152 2.303 2.486 2.613 2.740 2.819 2.882 2.951 3.015 3.096 3.194 3.243 3.295 3.290 3.274 3.240 3.185 3.031 3.005 4.624
7.000 10.000 0.976 1.187 1.447 1.602 1.801 2.053 2.205 2.385 2.513 2.636 2.715 2.776 2.843 2.905 2.983 3.078 3.123 3.177 3.172 3.157 3.124 3.072 2.921 2.894 4.524
7.000 15.000 0.881 1.091 1.352 1.506 1.705 1.956 2.108 2.287 2.414 2.536 2.615 2.675 2.741 2.801 2.877 2.969 3.012 3.065 3.059 3.043 3.010 2.959 2.810 2.783 4.422
7.000 20.000 0.796 1.006 1.266 1.420 1.618 1.868 2.020 2.199 2.325 2.448 2.525 2.585 2.650 2.709 2.784 2.873 2.913 2.964 2.957 2.939 2.906 2.855 2.706 2.680 4.331
7.000 25.000 0.721 0.930 1.190 1.344 1.539 1.790 1.940 2.120 2.246 2.368 2.444 2.504 2.569 2.626 2.699 2.786 2.823 2.870 2.861 2.842 2.808 2.756 2.610 2.585 4.248
7.000 30.000 0.657 0.865 1.125 1.278 1.471 1.722 1.871 2.051 2.177 2.300 2.375 2.435 2.498 2.555 2.626 2.710 2.745 2.789 2.778 2.757 2.723 2.670 2.526 2.501 4.176
7.000 40.000 0.548 0.755 1.014 1.166 1.355 1.606 1.754 1.934 2.060 2.184 2.257 2.318 2.379 2.433 2.503 2.583 2.614 2.652 2.638 2.615 2.580 2.526 2.384 2.359 4.055
7.000 50.000 0.461 0.668 0.926 1.078 1.263 1.514 1.660 1.841 1.966 2.091 2.163 2.223 2.283 2.336 2.403 2.480 2.508 2.541 2.525 2.501 2.464 2.409 2.270 2.246 3.960
7.000 60.000 0.411 0.616 0.874 1.024 1.208 1.459 1.604 1.785 1.910 2.035 2.105 2.166 2.225 2.276 2.341 2.415 2.440 2.470 2.451 2.427 2.389 2.334 2.196 2.171 3.899
7.000 70.000 0.378 0.583 0.839 0.989 1.170 1.421 1.565 1.747 1.870 1.996 2.066 2.126 2.184 2.234 2.298 2.368 2.392 2.414 2.392 2.367 2.328 2.270 2.132 2.108 3.850
7.000 80.000 0.359 0.563 0.818 0.967 1.146 1.397 1.540 1.721 1.845 1.970 2.039 2.098 2.155 2.204 2.265 2.332 2.354 2.370 2.347 2.320 2.280 2.220 2.083 2.059 3.813
7.000 90.000 0.343 0.546 0.800 0.949 1.126 1.377 1.519 1.700 1.823 1.948 2.015 2.073 2.129 2.176 2.236 2.298 2.318 2.330 2.304 2.277 2.237 2.175 2.039 2.016 3.783
7.000 100.000 0.328 0.531 0.783 0.932 1.108 1.359 1.499 1.680 1.803 1.927 1.994 2.049 2.105 2.150 2.208 2.266 2.284 2.291 2.264 2.236 2.196 2.133 1.998 1.975 3.755
7.000 110.000 0.315 0.517 0.769 0.917 1.091 1.342 1.482 1.662 1.784 1.908 1.973 2.027 2.081 2.125 2.180 2.233 2.249 2.251 2.223 2.194 2.154 2.091 1.958 1.935 3.732
7.000 120.000 0.301 0.503 0.754 0.902 1.075 1.326 1.464 1.644 1.766 1.888 1.952 2.004 2.057 2.099 2.153 2.201 2.215 2.213 2.183 2.153 2.114 2.050 1.918 1.896 3.709
7.000 130.000 0.286 0.487 0.737 0.884 1.057 1.307 1.445 1.624 1.745 1.866 1.929 1.980 2.031 2.072 2.122 2.166 2.177 2.171 2.140 2.110 2.072 2.007 1.878 1.856 3.684
7.000 140.000 0.270 0.471 0.719 0.867 1.038 1.288 1.425 1.604 1.724 1.844 1.906 1.955 2.006 2.044 2.092 2.132 2.140 2.131 2.099 2.069 2.030 1.965 1.839 1.817 3.660
7.000 150.000 0.255 0.455 0.703 0.850 1.020 1.270 1.406 1.584 1.704 1.823 1.884 1.931 1.980 2.016 2.061 2.097 2.102 2.089 2.056 2.026 1.988 1.924 1.801 1.779 3.638
7.000 175.000 0.216 0.415 0.661 0.807 0.975 1.224 1.358 1.534 1.652 1.768 1.826 1.869 1.914 1.946 1.984 2.008 2.007 1.988 1.953 1.924 1.887 1.824 1.709 1.688 3.582
7.000 200.000 0.179 0.377 0.621 0.766 0.932 1.180 1.312 1.487 1.604 1.717 1.772 1.810 1.852 1.880 1.912 1.926 1.919 1.893 1.857 1.828 1.793 1.731 1.623 1.604 3.529
7.000 250.000 0.109 0.306 0.547 0.691 0.853 1.099 1.228 1.400 1.513 1.620 1.669 1.700 1.735 1.753 1.774 1.770 1.752 1.717 1.680 1.654 1.623 1.565 1.473 1.455 3.428
7.000 300.000 0.054 0.248 0.487 0.629 0.788 1.032 1.157 1.326 1.435 1.537 1.580 1.603 1.631 1.640 1.649 1.628 1.601 1.561 1.524 1.502 1.474 1.422 1.345 1.327 3.343
7.000 350.000 0.005 0.198 0.433 0.575 0.729 0.972 1.093 1.258 1.364 1.459 1.495 1.510 1.531 1.530 1.528 1.491 1.455 1.413 1.377 1.359 1.336 1.289 1.227 1.211 3.265
7.000 400.000 -0.041 0.150 0.384 0.524 0.675 0.915 1.034 1.195 1.297 1.385 1.416 1.422 1.436 1.427 1.414 1.364 1.321 1.278 1.245 1.231 1.212 1.172 1.123 1.108 3.196
7.000 450.000 -0.088 0.103 0.335 0.474 0.621 0.860 0.975 1.133 1.231 1.313 1.337 1.336 1.343 1.325 1.303 1.240 1.191 1.150 1.119 1.109 1.095 1.060 1.022 1.008 3.127
7.000 500.000 -0.130 0.060 0.290 0.428 0.572 0.809 0.921 1.075 1.169 1.245 1.263 1.254 1.255 1.229 1.197 1.124 1.069 1.032 1.004 0.998 0.987 0.959 0.931 0.917 3.062
7.000 600.000 -0.198 -0.010 0.217 0.352 0.490 0.723 0.827 0.973 1.057 1.115 1.118 1.092 1.076 1.032 0.981 0.890 0.824 0.803 0.785 0.789 0.788 0.772 0.764 0.751 2.945
7.000 700.000 -0.269 -0.083 0.142 0.276 0.408 0.637 0.735 0.873 0.949 0.994 0.984 0.944 0.917 0.859 0.793 0.690 0.616 0.606 0.593 0.602 0.604 0.599 0.604 0.590 2.834
7.000 800.000 -0.329 -0.143 0.079 0.211 0.337 0.562 0.653 0.783 0.849 0.879 0.857 0.802 0.763 0.692 0.612 0.500 0.421 0.425 0.418 0.432 0.438 0.444 0.459 0.444 2.735
7.000 1000.000 -0.454 -0.270 -0.051 0.079 0.194 0.412 0.490 0.604 0.653 0.656 0.611 0.532 0.473 0.381 0.281 0.157 0.065 0.094 0.094 0.109 0.118 0.144 0.175 0.156 2.559
7.000 1200.000 -0.563 -0.378 -0.162 -0.036 0.069 0.279 0.343 0.439 0.470 0.443 0.374 0.271 0.193 0.081 -0.036 -0.170 -0.273 -0.222 -0.216 -0.202 -0.191 -0.149 -0.106 -0.127 2.385
7.000 1500.000 -0.720 -0.535 -0.322 -0.199 -0.110 0.086 0.130 0.197 0.198 0.128 0.026 -0.109 -0.213 -0.350 -0.486 -0.630 -0.750 -0.669 -0.659 -0.652 -0.640 -0.575 -0.517 -0.543 2.141
7.500 0.000 1.458 1.639 1.866 1.998 2.167 2.377 2.503 2.658 2.767 2.882 2.956 3.023 3.089 3.152 3.231 3.332 3.383 3.429 3.424 3.410 3.370 3.322 3.175 3.149 4.829
7.500 1.000 1.442 1.623 1.847 1.979 2.149 2.359 2.486 2.639 2.749 2.862 2.938 3.003 3.070 3.132 3.212 3.311 3.362 3.409 3.402 3.387 3.348 3.296 3.145 3.120 4.810
7.500 5.000 1.382 1.563 1.785 1.918 2.092 2.301 2.429 2.578 2.689 2.799 2.875 2.936 3.004 3.065 3.143 3.240 3.289 3.338 3.332 3.316 3.280 3.226 3.072 3.046 4.760
7.500 10.000 1.301 1.482 1.703 1.836 2.013 2.222 2.350 2.497 2.608 2.714 2.791 2.849 2.917 2.976 3.052 3.148 3.193 3.245 3.240 3.224 3.189 3.138 2.984 2.957 4.684
7.500 15.000 1.224 1.404 1.625 1.758 1.936 2.143 2.272 2.418 2.529 2.633 2.710 2.766 2.834 2.892 2.966 3.060 3.102 3.155 3.149 3.133 3.098 3.049 2.895 2.868 4.604
7.500 20.000 1.154 1.334 1.555 1.687 1.864 2.072 2.200 2.345 2.456 2.560 2.636 2.692 2.758 2.816 2.887 2.979 3.019 3.070 3.063 3.046 3.011 2.961 2.809 2.782 4.533
7.500 25.000 1.091 1.271 1.491 1.623 1.799 2.006 2.134 2.279 2.390 2.494 2.569 2.625 2.691 2.747 2.818 2.908 2.945 2.994 2.986 2.968 2.932 2.881 2.730 2.703 4.468
7.500 30.000 1.035 1.214 1.434 1.566 1.739 1.947 2.074 2.220 2.330 2.434 2.509 2.565 2.630 2.685 2.755 2.843 2.878 2.925 2.915 2.896 2.859 2.808 2.658 2.631 4.408
7.500 40.000 0.938 1.117 1.336 1.467 1.637 1.845 1.970 2.117 2.227 2.332 2.405 2.461 2.525 2.579 2.646 2.731 2.763 2.805 2.793 2.772 2.734 2.682 2.535 2.509 4.308
7.500 50.000 0.865 1.042 1.261 1.391 1.558 1.766 1.890 2.038 2.147 2.253 2.325 2.381 2.443 2.495 2.561 2.642 2.671 2.709 2.694 2.672 2.633 2.581 2.436 2.410 4.231
7.500 60.000 0.819 0.996 1.213 1.343 1.509 1.717 1.840 1.987 2.097 2.203 2.274 2.329 2.391 2.441 2.505 2.583 2.610 2.643 2.627 2.605 2.565 2.512 2.369 2.343 4.177
7.500 70.000 0.791 0.967 1.183 1.313 1.475 1.684 1.806 1.954 2.063 2.170 2.240 2.294 2.356 2.405 2.467 2.542 2.568 2.594 2.575 2.552 2.511 2.456 2.313 2.288 4.133
7.500 80.000 0.773 0.949 1.164 1.293 1.454 1.663 1.783 1.931 2.040 2.147 2.216 2.270 2.330 2.378 2.439 2.510 2.534 2.555 2.533 2.510 2.468 2.410 2.268 2.243 4.101
7.500 90.000 0.759 0.934 1.148 1.277 1.436 1.645 1.765 1.912 2.021 2.127 2.195 2.248 2.307 2.354 2.412 2.480 2.502 2.518 2.494 2.470 2.427 2.369 2.228 2.203 4.074
7.500 100.000 0.746 0.921 1.133 1.262 1.419 1.629 1.747 1.895 2.003 2.109 2.176 2.227 2.285 2.331 2.387 2.451 2.470 2.482 2.457 2.431 2.389 2.330 2.190 2.166 4.050
7.500 110.000 0.733 0.907 1.119 1.247 1.403 1.613 1.730 1.877 1.985 2.090 2.156 2.206 2.263 2.307 2.361 2.420 2.437 2.444 2.417 2.391 2.349 2.289 2.151 2.127 4.028
7.500 120.000 0.721 0.894 1.105 1.233 1.388 1.598 1.714 1.861 1.968 2.072 2.137 2.185 2.241 2.284 2.336 2.390 2.405 2.408 2.380 2.353 2.311 2.249 2.114 2.091 4.008
7.500 130.000 0.706 0.879 1.089 1.217 1.371 1.580 1.696 1.843 1.950 2.053 2.116 2.163 2.217 2.258 2.308 2.358 2.370 2.369 2.340 2.313 2.272 2.210 2.077 2.054 3.986
7.500 140.000 0.691 0.864 1.073 1.201 1.354 1.563 1.678 1.824 1.930 2.032 2.095 2.140 2.193 2.232 2.280 2.325 2.335 2.331 2.300 2.273 2.232 2.170 2.040 2.017 3.965
7.500 150.000 0.675 0.848 1.056 1.184 1.336 1.545 1.659 1.805 1.911 2.012 2.073 2.116 2.169 2.206 2.250 2.292 2.299 2.291 2.260 2.233 2.193 2.130 2.004 1.981 3.946
7.500 175.000 0.638 0.810 1.016 1.143 1.293 1.502 1.614 1.758 1.863 1.961 2.020 2.059 2.108 2.140 2.178 2.209 2.210 2.195 2.162 2.136 2.097 2.035 1.917 1.896 3.896
7.500 200.000 0.602 0.772 0.978 1.104 1.252 1.460 1.571 1.714 1.817 1.912 1.969 2.004 2.050 2.078 2.110 2.132 2.127 2.107 2.072 2.046 2.009 1.949 1.838 1.817 3.848
7.500 250.000 0.539 0.708 0.911 1.036 1.181 1.387 1.495 1.635 1.735 1.825 1.875 1.903 1.942 1.961 1.981 1.985 1.970 1.941 1.905 1.883 1.850 1.794 1.701 1.681 3.758
7.500 300.000 0.488 0.656 0.856 0.980 1.121 1.326 1.431 1.568 1.664 1.749 1.793 1.813 1.845 1.854 1.863 1.850 1.825 1.791 1.756 1.738 1.709 1.659 1.582 1.563 3.682
7.500 350.000 0.440 0.607 0.805 0.928 1.065 1.269 1.370 1.504 1.597 1.675 1.713 1.725 1.750 1.751 1.749 1.721 1.688 1.652 1.618 1.605 1.580 1.536 1.474 1.457 3.612
7.500 400.000 0.397 0.562 0.758 0.880 1.014 1.216 1.314 1.445 1.534 1.606 1.638 1.642 1.660 1.652 1.640 1.598 1.558 1.523 1.492 1.483 1.462 1.425 1.376 1.360 3.548
7.500 450.000 0.353 0.518 0.713 0.834 0.965 1.165 1.260 1.388 1.473 1.539 1.564 1.561 1.572 1.556 1.534 1.481 1.435 1.401 1.373 1.369 1.352 1.321 1.284 1.268 3.484
7.500 500.000 0.313 0.477 0.671 0.790 0.919 1.117 1.209 1.334 1.415 1.474 1.493 1.483 1.487 1.463 1.431 1.369 1.317 1.288 1.263 1.263 1.250 1.225 1.198 1.183 3.424
7.500 600.000 0.246 0.408 0.599 0.717 0.839 1.034 1.119 1.235 1.307 1.350 1.354 1.327 1.316 1.273 1.223 1.143 1.082 1.067 1.051 1.061 1.057 1.044 1.036 1.022 3.318
7.500 700.000 0.178 0.339 0.529 0.645 0.761 0.953 1.032 1.141 1.204 1.234 1.227 1.186 1.163 1.108 1.043 0.952 0.883 0.880 0.869 0.883 0.883 0.881 0.885 0.870 3.216
7.500 800.000 0.120 0.280 0.468 0.582 0.692 0.880 0.952 1.053 1.108 1.123 1.103 1.048 1.014 0.945 0.868 0.768 0.695 0.705 0.700 0.719 0.722 0.731 0.745 0.729 3.124
7.500 1000.000 -0.001 0.159 0.344 0.456 0.555 0.736 0.796 0.881 0.918 0.906 0.863 0.784 0.731 0.643 0.545 0.435 0.350 0.384 0.386 0.406 0.413 0.440 0.470 0.450 2.964
7.500 1200.000 -0.103 0.056 0.239 0.347 0.436 0.609 0.655 0.722 0.741 0.701 0.635 0.533 0.462 0.356 0.243 0.126 0.032 0.088 0.095 0.113 0.122 0.164 0.205 0.182 2.802
7.500 1500.000 -0.251 -0.092 0.087 0.191 0.263 0.422 0.447 0.486 0.476 0.393 0.295 0.163 0.067 -0.063 -0.192 -0.318 -0.431 -0.345 -0.334 -0.324 -0.316 -0.249 -0.194 -0.222 2.576
7.800 0.000 1.604 1.767 1.971 2.091 2.247 2.433 2.548 2.686 2.788 2.894 2.969 3.035 3.100 3.162 3.240 3.341 3.393 3.438 3.433 3.419 3.378 3.330 3.181 3.156 4.897
7.800 1.000 1.589 1.752 1.954 2.074 2.231 2.417 2.532 2.669 2.772 2.877 2.952 3.016 3.083 3.144 3.222 3.322 3.374 3.419 3.412 3.397 3.358 3.305 3.152 3.127 4.879
7.800 5.000 1.535 1.698 1.898 2.018 2.179 2.365 2.480 2.614 2.717 2.819 2.895 2.955 3.023 3.083 3.160 3.258 3.307 3.355 3.349 3.332 3.295 3.241 3.085 3.059 4.835
7.800 10.000 1.464 1.628 1.827 1.947 2.111 2.296 2.413 2.544 2.647 2.745 2.822 2.879 2.947 3.006 3.080 3.177 3.222 3.275 3.269 3.253 3.217 3.166 3.010 2.983 4.772
7.800 15.000 1.395 1.559 1.757 1.878 2.044 2.227 2.345 2.474 2.578 2.674 2.751 2.806 2.875 2.932 3.005 3.101 3.143 3.197 3.192 3.176 3.139 3.090 2.933 2.905 4.705
7.800 20.000 1.333 1.496 1.694 1.815 1.980 2.164 2.281 2.410 2.513 2.609 2.686 2.740 2.808 2.865 2.935 3.030 3.070 3.123 3.116 3.100 3.063 3.014 2.858 2.830 4.645
7.800 25.000 1.277 1.439 1.637 1.757 1.922 2.105 2.222 2.351 2.454 2.550 2.626 2.680 2.747 2.803 2.873 2.966 3.004 3.055 3.048 3.030 2.993 2.944 2.788 2.760 4.589
7.800 30.000 1.226 1.388 1.586 1.705 1.869 2.052 2.168 2.298 2.401 2.497 2.572 2.626 2.693 2.748 2.817 2.908 2.945 2.994 2.985 2.967 2.929 2.879 2.725 2.697 4.538
7.800 40.000 1.136 1.298 1.495 1.614 1.774 1.958 2.072 2.202 2.305 2.402 2.476 2.531 2.596 2.649 2.716 2.804 2.838 2.883 2.872 2.852 2.813 2.762 2.611 2.584 4.447
7.800 50.000 1.069 1.229 1.426 1.545 1.702 1.886 2.000 2.130 2.233 2.330 2.403 2.457 2.521 2.573 2.639 2.724 2.755 2.795 2.782 2.761 2.722 2.670 2.520 2.494 4.377
7.800 60.000 1.025 1.185 1.381 1.499 1.655 1.839 1.952 2.083 2.185 2.282 2.354 2.409 2.472 2.523 2.586 2.669 2.698 2.734 2.719 2.698 2.657 2.605 2.457 2.430 4.328
7.800 70.000 0.999 1.159 1.353 1.471 1.625 1.809 1.921 2.052 2.154 2.252 2.323 2.377 2.440 2.490 2.552 2.631 2.659 2.689 2.671 2.649 2.607 2.552 2.404 2.378 4.288
7.800 80.000 0.983 1.143 1.336 1.453 1.605 1.790 1.900 2.032 2.133 2.232 2.302 2.355 2.416 2.465 2.526 2.601 2.627 2.651 2.631 2.608 2.565 2.509 2.362 2.336 4.258
7.800 90.000 0.970 1.128 1.321 1.438 1.588 1.773 1.883 2.014 2.115 2.213 2.282 2.334 2.395 2.443 2.501 2.573 2.597 2.616 2.594 2.570 2.527 2.469 2.323 2.298 4.232
7.800 100.000 0.957 1.115 1.306 1.423 1.572 1.758 1.866 1.997 2.099 2.196 2.264 2.315 2.374 2.421 2.478 2.545 2.567 2.582 2.558 2.534 2.490 2.431 2.287 2.262 4.208
7.800 110.000 0.944 1.102 1.292 1.409 1.556 1.742 1.850 1.981 2.082 2.178 2.246 2.294 2.353 2.398 2.453 2.516 2.536 2.546 2.520 2.495 2.451 2.391 2.249 2.224 4.187
7.800 120.000 0.932 1.089 1.279 1.395 1.542 1.727 1.834 1.965 2.065 2.161 2.227 2.275 2.332 2.376 2.428 2.487 2.505 2.511 2.484 2.458 2.415 2.354 2.213 2.189 4.168
7.800 130.000 0.918 1.075 1.264 1.380 1.525 1.711 1.817 1.947 2.047 2.142 2.208 2.253 2.310 2.351 2.402 2.456 2.471 2.474 2.445 2.419 2.376 2.315 2.177 2.154 4.148
7.800 140.000 0.903 1.060 1.248 1.364 1.509 1.695 1.800 1.930 2.029 2.123 2.187 2.232 2.287 2.327 2.375 2.425 2.437 2.436 2.407 2.380 2.338 2.276 2.142 2.118 4.128
7.800 150.000 0.889 1.045 1.233 1.348 1.492 1.678 1.782 1.912 2.011 2.104 2.167 2.209 2.263 2.302 2.347 2.393 2.403 2.398 2.368 2.341 2.300 2.238 2.107 2.084 4.110
7.800 175.000 0.853 1.008 1.194 1.310 1.451 1.636 1.739 1.868 1.965 2.056 2.116 2.155 2.205 2.239 2.278 2.315 2.318 2.306 2.274 2.248 2.208 2.147 2.025 2.003 4.063
7.800 200.000 0.818 0.973 1.157 1.272 1.412 1.597 1.699 1.826 1.922 2.010 2.068 2.103 2.150 2.180 2.214 2.240 2.238 2.220 2.187 2.161 2.123 2.063 1.949 1.928 4.017
7.800 250.000 0.757 0.911 1.093 1.207 1.343 1.527 1.625 1.750 1.843 1.925 1.977 2.004 2.045 2.066 2.087 2.096 2.083 2.057 2.023 2.002 1.967 1.913 1.818 1.798 3.937
7.800 300.000 0.707 0.859 1.040 1.152 1.285 1.468 1.563 1.685 1.775 1.852 1.897 1.916 1.950 1.962 1.972 1.964 1.942 1.910 1.876 1.860 1.829 1.781 1.702 1.684 3.864
7.800 350.000 0.660 0.812 0.990 1.102 1.231 1.413 1.505 1.624 1.710 1.781 1.820 1.832 1.859 1.861 1.861 1.837 1.807 1.774 1.742 1.730 1.704 1.662 1.599 1.582 3.800
7.800 400.000 0.618 0.768 0.945 1.056 1.182 1.362 1.451 1.567 1.650 1.715 1.748 1.752 1.772 1.766 1.755 1.719 1.682 1.649 1.620 1.613 1.591 1.555 1.506 1.490 3.741
7.800 450.000 0.575 0.725 0.901 1.011 1.134 1.313 1.399 1.512 1.591 1.650 1.677 1.674 1.687 1.673 1.652 1.605 1.561 1.531 1.504 1.501 1.484 1.454 1.416 1.401 3.682
7.800 500.000 0.536 0.686 0.860 0.969 1.089 1.267 1.350 1.460 1.535 1.588 1.609 1.598 1.605 1.582 1.553 1.495 1.446 1.419 1.394 1.396 1.382 1.358 1.331 1.315 3.627
7.800 600.000 0.472 0.620 0.792 0.899 1.014 1.187 1.263 1.366 1.432 1.468 1.474 1.447 1.439 1.399 1.350 1.276 1.218 1.206 1.191 1.203 1.198 1.186 1.178 1.164 3.525
7.800 700.000 0.405 0.552 0.723 0.829 0.938 1.108 1.179 1.274 1.332 1.355 1.349 1.309 1.289 1.236 1.173 1.088 1.023 1.022 1.012 1.029 1.028 1.026 1.030 1.015 3.430
7.800 800.000 0.349 0.496 0.665 0.769 0.872 1.039 1.102 1.189 1.238 1.247 1.228 1.174 1.142 1.076 1.000 0.907 0.837 0.850 0.846 0.867 0.869 0.878 0.893 0.877 3.342
7.800 1000.000 0.234 0.380 0.546 0.648 0.739 0.900 0.950 1.021 1.053 1.034 0.992 0.914 0.863 0.777 0.682 0.579 0.499 0.535 0.538 0.560 0.566 0.594 0.623 0.603 3.193
7.800 1200.000 0.132 0.278 0.442 0.540 0.621 0.774 0.811 0.865 0.879 0.833 0.770 0.670 0.603 0.500 0.391 0.282 0.192 0.249 0.256 0.276 0.283 0.325 0.365 0.342 3.038
7.800 1500.000 -0.011 0.134 0.294 0.388 0.451 0.591 0.608 0.634 0.619 0.532 0.437 0.308 0.217 0.092 -0.033 -0.151 -0.260 -0.174 -0.164 -0.152 -0.145 -0.080 -0.026 -0.054 2.824
8.000 0.000 1.690 1.842 2.032 2.143 2.292 2.463 2.571 2.700 2.797 2.900 2.974 3.039 3.105 3.166 3.244 3.345 3.398 3.443 3.437 3.423 3.383 3.334 3.184 3.158 4.942
8.000 1.000 1.675 1.827 2.015 2.127 2.276 2.448 2.555 2.683 2.781 2.882 2.958 3.021 3.088 3.149 3.227 3.327 3.379 3.424 3.417 3.402 3.362 3.309 3.154 3.129 4.923
8.000 5.000 1.624 1.776 1.962 2.074 2.227 2.398 2.507 2.631 2.730 2.828 2.904 2.964 3.032 3.091 3.168 3.267 3.316 3.364 3.357 3.340 3.303 3.248 3.090 3.064 4.882
8.000 10.000 1.561 1.713 1.898 2.010 2.167 2.337 2.447 2.569 2.668 2.761 2.838 2.895 2.963 3.021 3.095 3.193 3.238 3.290 3.285 3.269 3.232 3.182 3.024 2.996 4.828
8.000 15.000 1.498 1.650 1.834 1.947 2.105 2.275 2.385 2.506 2.605 2.697 2.774 2.829 2.897 2.954 3.026 3.123 3.166 3.220 3.215 3.199 3.161 3.112 2.954 2.925 4.769
8.000 20.000 1.440 1.592 1.776 1.889 2.047 2.216 2.327 2.447 2.546 2.637 2.714 2.768 2.836 2.892 2.962 3.058 3.099 3.153 3.147 3.130 3.093 3.044 2.886 2.858 4.715
8.000 25.000 1.388 1.540 1.724 1.836 1.994 2.162 2.273 2.392 2.491 2.582 2.659 2.713 2.780 2.835 2.905 2.999 3.038 3.090 3.083 3.067 3.029 2.980 2.822 2.794 4.665
8.000 30.000 1.341 1.492 1.675 1.788 1.944 2.113 2.223 2.343 2.441 2.533 2.608 2.662 2.729 2.784 2.852 2.945 2.983 3.034 3.026 3.008 2.970 2.921 2.765 2.736 4.619
8.000 40.000 1.256 1.406 1.589 1.701 1.854 2.024 2.132 2.253 2.351 2.443 2.517 2.572 2.637 2.691 2.757 2.847 2.882 2.928 2.918 2.899 2.860 2.810 2.656 2.628 4.535
8.000 50.000 1.193 1.343 1.525 1.636 1.788 1.957 2.065 2.186 2.284 2.376 2.449 2.503 2.568 2.620 2.685 2.772 2.805 2.847 2.835 2.815 2.775 2.725 2.572 2.545 4.470
8.000 60.000 1.150 1.300 1.482 1.592 1.743 1.912 2.019 2.140 2.238 2.331 2.403 2.457 2.521 2.572 2.635 2.720 2.751 2.789 2.775 2.755 2.713 2.662 2.510 2.483 4.424
8.000 70.000 1.127 1.276 1.456 1.567 1.714 1.884 1.990 2.112 2.210 2.303 2.375 2.428 2.491 2.542 2.603 2.685 2.714 2.746 2.729 2.708 2.665 2.611 2.460 2.434 4.386
8.000 80.000 1.111 1.260 1.440 1.550 1.696 1.866 1.971 2.092 2.190 2.283 2.354 2.407 2.469 2.518 2.578 2.656 2.683 2.710 2.691 2.668 2.625 2.569 2.419 2.393 4.357
8.000 90.000 1.098 1.246 1.425 1.535 1.679 1.850 1.953 2.075 2.173 2.266 2.336 2.387 2.448 2.496 2.555 2.629 2.654 2.676 2.655 2.631 2.588 2.531 2.382 2.356 4.332
8.000 100.000 1.086 1.233 1.411 1.521 1.664 1.835 1.938 2.059 2.157 2.249 2.318 2.368 2.429 2.476 2.533 2.603 2.626 2.643 2.621 2.596 2.552 2.494 2.346 2.321 4.309
8.000 110.000 1.073 1.220 1.397 1.506 1.648 1.820 1.921 2.043 2.140 2.232 2.300 2.349 2.408 2.453 2.508 2.574 2.595 2.608 2.584 2.558 2.515 2.455 2.310 2.285 4.288
8.000 120.000 1.061 1.208 1.384 1.493 1.634 1.805 1.906 2.028 2.124 2.215 2.283 2.329 2.388 2.432 2.485 2.547 2.565 2.574 2.548 2.522 2.479 2.418 2.275 2.250 4.269
8.000 130.000 1.047 1.194 1.369 1.478 1.618 1.790 1.890 2.011 2.107 2.197 2.263 2.309 2.366 2.408 2.459 2.516 2.533 2.537 2.510 2.484 2.441 2.380 2.240 2.216 4.250
8.000 140.000 1.033 1.179 1.354 1.463 1.602 1.774 1.873 1.994 2.089 2.179 2.244 2.288 2.344 2.384 2.432 2.486 2.500 2.501 2.472 2.446 2.403 2.342 2.205 2.181 4.231
8.000 150.000 1.019 1.165 1.339 1.448 1.586 1.758 1.857 1.977 2.072 2.160 2.224 2.267 2.322 2.360 2.406 2.455 2.467 2.464 2.435 2.409 2.367 2.305 2.171 2.148 4.215
8.000 175.000 0.983 1.129 1.302 1.410 1.546 1.717 1.815 1.934 2.028 2.114 2.175 2.214 2.265 2.300 2.340 2.379 2.384 2.375 2.343 2.318 2.277 2.217 2.092 2.070 4.169
8.000 200.000 0.950 1.095 1.266 1.374 1.509 1.680 1.776 1.894 1.986 2.070 2.129 2.164 2.212 2.243 2.277 2.307 2.306 2.291 2.258 2.233 2.193 2.134 2.017 1.996 4.125
8.000 250.000 0.891 1.035 1.204 1.311 1.443 1.612 1.705 1.821 1.910 1.988 2.041 2.068 2.109 2.131 2.153 2.164 2.153 2.129 2.096 2.076 2.041 1.987 1.891 1.871 4.051
8.000 300.000 0.840 0.983 1.151 1.257 1.385 1.553 1.643 1.756 1.842 1.915 1.961 1.980 2.015 2.027 2.039 2.033 2.013 1.984 1.951 1.935 1.905 1.857 1.778 1.760 3.981
8.000 350.000 0.795 0.936 1.102 1.207 1.332 1.500 1.587 1.697 1.780 1.846 1.887 1.898 1.926 1.930 1.931 1.910 1.882 1.851 1.820 1.809 1.783 1.742 1.678 1.661 3.921
8.000 400.000 0.753 0.894 1.058 1.163 1.284 1.451 1.535 1.642 1.721 1.782 1.816 1.821 1.842 1.837 1.827 1.794 1.759 1.728 1.700 1.694 1.672 1.637 1.588 1.571 3.864
8.000 450.000 0.712 0.852 1.015 1.119 1.237 1.403 1.484 1.588 1.664 1.719 1.747 1.744 1.759 1.745 1.726 1.682 1.640 1.611 1.584 1.583 1.565 1.536 1.498 1.482 3.809
8.000 500.000 0.673 0.813 0.975 1.078 1.194 1.358 1.436 1.537 1.610 1.658 1.680 1.670 1.678 1.657 1.628 1.574 1.526 1.500 1.477 1.479 1.465 1.441 1.414 1.399 3.757
8.000 600.000 0.611 0.749 0.910 1.011 1.120 1.281 1.352 1.446 1.509 1.541 1.549 1.522 1.515 1.476 1.429 1.358 1.303 1.292 1.278 1.291 1.286 1.275 1.266 1.252 3.658
8.000 700.000 0.545 0.683 0.842 0.942 1.046 1.204 1.269 1.356 1.410 1.430 1.425 1.385 1.367 1.315 1.254 1.172 1.110 1.111 1.101 1.120 1.119 1.118 1.122 1.107 3.567
8.000 800.000 0.490 0.628 0.785 0.883 0.981 1.135 1.194 1.273 1.319 1.324 1.307 1.253 1.224 1.160 1.085 0.996 0.927 0.940 0.935 0.956 0.958 0.968 0.983 0.966 3.482
8.000 1000.000 0.378 0.514 0.670 0.765 0.851 0.999 1.045 1.108 1.137 1.115 1.075 0.997 0.949 0.866 0.773 0.674 0.597 0.633 0.636 0.658 0.664 0.691 0.719 0.699 3.341
8.000 1200.000 0.278 0.414 0.567 0.659 0.735 0.875 0.908 0.954 0.965 0.916 0.855 0.756 0.691 0.592 0.484 0.380 0.293 0.350 0.357 0.377 0.384 0.426 0.464 0.441 3.191
8.000 1500.000 0.136 0.272 0.421 0.508 0.566 0.694 0.706 0.725 0.709 0.620 0.529 0.403 0.316 0.195 0.072 -0.041 -0.147 -0.064 -0.055 -0.042 -0.036 0.027 0.080 0.051 2.983
8.200 0.000 1.771 1.912 2.088 2.193 2.334 2.492 2.594 2.713 2.807 2.905 2.979 3.043 3.109 3.168 3.244 3.345 3.396 3.440 3.435 3.421 3.381 3.333 3.184 3.158 4.985
8.200 1.000 1.755 1.896 2.070 2.175 2.316 2.475 2.576 2.695 2.790 2.887 2.962 3.024 3.091 3.150 3.227 3.327 3.379 3.423 3.416 3.400 3.361 3.308 3.154 3.129 4.964
8.200 5.000 1.705 1.846 2.019 2.124 2.269 2.427 2.530 2.646 2.741 2.835 2.911 2.970 3.038 3.097 3.172 3.271 3.321 3.368 3.361 3.344 3.306 3.252 3.093 3.068 4.924
8.200 10.000 1.650 1.791 1.963 2.068 2.217 2.374 2.477 2.591 2.686 2.776 2.853 2.909 2.978 3.035 3.108 3.206 3.252 3.303 3.297 3.281 3.244 3.194 3.035 3.008 4.881
8.200 15.000 1.593 1.734 1.905 2.011 2.162 2.318 2.423 2.535 2.630 2.718 2.795 2.850 2.918 2.975 3.045 3.143 3.186 3.240 3.234 3.218 3.180 3.132 2.972 2.943 4.830
8.200 20.000 1.540 1.681 1.852 1.957 2.109 2.265 2.369 2.481 2.576 2.663 2.740 2.794 2.862 2.917 2.986 3.083 3.124 3.178 3.172 3.156 3.118 3.070 2.909 2.881 4.782
8.200 25.000 1.492 1.634 1.804 1.909 2.061 2.216 2.320 2.431 2.527 2.613 2.690 2.743 2.811 2.866 2.933 3.029 3.068 3.121 3.115 3.099 3.061 3.014 2.854 2.826 4.738
8.200 30.000 1.448 1.589 1.759 1.864 2.015 2.170 2.274 2.385 2.480 2.567 2.643 2.696 2.764 2.818 2.885 2.979 3.018 3.070 3.063 3.046 3.007 2.960 2.802 2.773 4.698
8.200 40.000 1.368 1.508 1.678 1.783 1.930 2.086 2.189 2.301 2.395 2.483 2.558 2.611 2.677 2.730 2.796 2.887 2.923 2.970 2.961 2.943 2.904 2.855 2.699 2.671 4.620
8.200 50.000 1.309 1.449 1.618 1.722 1.869 2.024 2.127 2.239 2.333 2.421 2.495 2.548 2.613 2.665 2.728 2.817 2.850 2.895 2.884 2.865 2.825 2.775 2.620 2.593 4.560
8.200 60.000 1.268 1.407 1.576 1.680 1.825 1.981 2.083 2.195 2.289 2.377 2.450 2.503 2.568 2.619 2.681 2.768 2.799 2.840 2.827 2.808 2.766 2.716 2.562 2.534 4.517
8.200 70.000 1.246 1.385 1.553 1.656 1.799 1.956 2.056 2.169 2.263 2.352 2.424 2.476 2.540 2.591 2.651 2.735 2.765 2.798 2.783 2.763 2.720 2.667 2.514 2.487 4.482
8.200 80.000 1.232 1.370 1.537 1.640 1.781 1.938 2.038 2.151 2.245 2.333 2.405 2.456 2.519 2.568 2.627 2.707 2.735 2.764 2.746 2.724 2.681 2.627 2.474 2.448 4.454
8.200 90.000 1.219 1.357 1.522 1.625 1.765 1.922 2.021 2.134 2.228 2.316 2.387 2.437 2.500 2.548 2.605 2.682 2.708 2.732 2.712 2.689 2.645 2.589 2.438 2.412 4.429
8.200 100.000 1.207 1.344 1.509 1.612 1.751 1.908 2.006 2.119 2.212 2.301 2.370 2.420 2.481 2.528 2.584 2.657 2.681 2.700 2.679 2.655 2.611 2.553 2.403 2.378 4.406
8.200 110.000 1.194 1.331 1.495 1.598 1.735 1.893 1.990 2.103 2.196 2.284 2.352 2.400 2.461 2.506 2.560 2.629 2.651 2.666 2.643 2.618 2.574 2.516 2.368 2.342 4.387
8.200 120.000 1.182 1.319 1.482 1.585 1.721 1.879 1.975 2.088 2.181 2.268 2.336 2.382 2.441 2.485 2.538 2.602 2.622 2.632 2.608 2.583 2.539 2.479 2.334 2.309 4.368
8.200 130.000 1.168 1.305 1.468 1.571 1.706 1.864 1.959 2.071 2.164 2.250 2.317 2.362 2.420 2.462 2.512 2.572 2.589 2.597 2.571 2.545 2.502 2.442 2.299 2.275 4.350
8.200 140.000 1.155 1.291 1.454 1.556 1.691 1.848 1.943 2.055 2.147 2.232 2.298 2.341 2.398 2.439 2.487 2.543 2.557 2.561 2.534 2.508 2.465 2.405 2.265 2.241 4.332
8.200 150.000 1.142 1.278 1.440 1.542 1.676 1.833 1.927 2.039 2.131 2.215 2.280 2.322 2.377 2.416 2.462 2.513 2.526 2.526 2.497 2.472 2.430 2.369 2.233 2.210 4.316
8.200 175.000 1.106 1.242 1.402 1.504 1.636 1.794 1.887 1.997 2.088 2.169 2.232 2.270 2.323 2.357 2.397 2.439 2.446 2.439 2.409 2.384 2.343 2.283 2.156 2.134 4.272
8.200 200.000 1.074 1.209 1.369 1.470 1.601 1.758 1.849 1.959 2.048 2.128 2.187 2.222 2.271 2.302 2.336 2.369 2.370 2.357 2.325 2.301 2.261 2.202 2.083 2.062 4.230
8.200 250.000 1.018 1.152 1.309 1.410 1.537 1.693 1.781 1.888 1.975 2.048 2.102 2.128 2.171 2.192 2.215 2.228 2.219 2.197 2.165 2.145 2.110 2.058 1.960 1.941 4.160
8.200 300.000 0.967 1.100 1.255 1.355 1.479 1.635 1.720 1.825 1.908 1.976 2.023 2.042 2.078 2.091 2.102 2.100 2.081 2.054 2.023 2.008 1.977 1.931 1.851 1.833 4.095
8.200 350.000 0.922 1.054 1.208 1.307 1.428 1.583 1.665 1.767 1.847 1.909 1.951 1.962 1.991 1.995 1.996 1.979 1.953 1.924 1.894 1.884 1.858 1.818 1.754 1.738 4.038
8.200 400.000 0.881 1.013 1.165 1.264 1.381 1.535 1.614 1.714 1.790 1.846 1.882 1.886 1.908 1.903 1.894 1.864 1.831 1.803 1.775 1.771 1.749 1.715 1.666 1.650 3.985
8.200 450.000 0.840 0.972 1.124 1.221 1.335 1.489 1.565 1.662 1.734 1.785 1.814 1.811 1.827 1.814 1.795 1.754 1.714 1.687 1.661 1.660 1.643 1.614 1.576 1.560 3.934
8.200 500.000 0.803 0.934 1.085 1.181 1.293 1.445 1.518 1.612 1.681 1.726 1.749 1.739 1.748 1.727 1.699 1.647 1.602 1.578 1.555 1.558 1.545 1.521 1.493 1.479 3.885
8.200 600.000 0.742 0.872 1.021 1.117 1.222 1.371 1.437 1.523 1.583 1.612 1.621 1.594 1.589 1.551 1.504 1.437 1.384 1.375 1.362 1.377 1.371 1.361 1.353 1.338 3.788
8.200 700.000 0.678 0.807 0.955 1.049 1.149 1.295 1.355 1.434 1.486 1.502 1.498 1.458 1.441 1.391 1.330 1.252 1.192 1.195 1.187 1.207 1.206 1.205 1.210 1.195 3.702
8.200 800.000 0.625 0.754 0.900 0.993 1.086 1.229 1.283 1.354 1.397 1.398 1.382 1.328 1.300 1.238 1.164 1.078 1.013 1.027 1.023 1.046 1.048 1.058 1.073 1.056 3.620
8.200 1000.000 0.516 0.644 0.789 0.878 0.959 1.096 1.137 1.193 1.219 1.192 1.154 1.076 1.030 0.949 0.856 0.761 0.687 0.724 0.727 0.752 0.757 0.783 0.811 0.791 3.485
8.200 1200.000 0.418 0.545 0.687 0.774 0.845 0.973 1.002 1.040 1.048 0.995 0.936 0.838 0.775 0.678 0.572 0.471 0.386 0.444 0.451 0.473 0.479 0.520 0.558 0.535 3.340
8.200 1500.000 0.282 0.409 0.547 0.628 0.681 0.796 0.803 0.813 0.793 0.699 0.608 0.481 0.396 0.277 0.157 0.049 -0.054 0.032 0.043 0.056 0.062 0.126 0.178 0.149 3.140
