NGA-East_Model_02 NGA-East USGS GMM as published in PEER Report No. 2017/03, distance is Rrup. Log10 hazard values in cgs units. Uses NRCan simplified, magnitude-independent sigma
          11 34 25 : nmag, ndist, nperiod
          10.000 7.519 5.000 4.000 3.003 2.000 1.499 1.000 0.750 0.500 0.400 0.300 0.250 0.200 0.150 0.100 0.075 0.050 0.040 0.030 0.025 0.020 0.010 PGA PGV
          0.62 0.62 0.62 0.62 0.62 0.62 0.62 0.62 0.60 0.58 0.56 0.54 0.53 0.53 0.53 0.53 0.53 0.53 0.53 0.53 0.53 0.53 0.53 0.53 0.62
4.000 0.000 -1.182 -0.869 -0.467 -0.236 0.057 0.470 0.752 1.153 1.431 1.799 1.988 2.189 2.317 2.452 2.596 2.773 2.864 2.999 3.031 3.041 3.027 2.991 2.808 2.777 3.814
4.000 1.000 -1.283 -0.970 -0.570 -0.340 -0.049 0.366 0.646 1.048 1.326 1.694 1.883 2.083 2.211 2.349 2.499 2.676 2.771 2.908 2.942 2.952 2.942 2.904 2.721 2.691 3.709
4.000 5.000 -1.743 -1.433 -1.034 -0.805 -0.535 -0.114 0.160 0.573 0.854 1.237 1.426 1.638 1.768 1.913 2.085 2.273 2.383 2.515 2.547 2.551 2.535 2.494 2.312 2.285 3.192
4.000 10.000 -2.070 -1.762 -1.361 -1.134 -0.876 -0.453 -0.183 0.234 0.515 0.904 1.089 1.307 1.434 1.576 1.753 1.940 2.048 2.177 2.206 2.204 2.184 2.141 1.962 1.935 2.838
4.000 15.000 -2.296 -1.989 -1.587 -1.361 -1.107 -0.685 -0.416 0.002 0.282 0.672 0.854 1.075 1.198 1.337 1.511 1.694 1.797 1.918 1.942 1.935 1.911 1.866 1.687 1.661 2.578
4.000 20.000 -2.470 -2.164 -1.760 -1.535 -1.283 -0.862 -0.593 -0.176 0.103 0.493 0.673 0.895 1.016 1.153 1.323 1.503 1.601 1.716 1.736 1.725 1.698 1.652 1.473 1.447 2.375
4.000 25.000 -2.613 -2.308 -1.902 -1.678 -1.430 -1.009 -0.741 -0.323 -0.045 0.346 0.524 0.747 0.867 1.001 1.169 1.346 1.441 1.550 1.568 1.553 1.523 1.476 1.296 1.270 2.207
4.000 30.000 -2.728 -2.423 -2.017 -1.793 -1.547 -1.127 -0.859 -0.441 -0.164 0.226 0.404 0.628 0.745 0.878 1.044 1.219 1.309 1.415 1.431 1.413 1.381 1.334 1.154 1.129 2.075
4.000 40.000 -2.909 -2.605 -2.197 -1.975 -1.731 -1.312 -1.045 -0.628 -0.352 0.038 0.213 0.438 0.553 0.683 0.845 1.015 1.100 1.200 1.211 1.190 1.155 1.108 0.929 0.904 1.870
4.000 50.000 -3.047 -2.744 -2.336 -2.114 -1.872 -1.455 -1.189 -0.772 -0.497 -0.108 0.066 0.291 0.404 0.530 0.688 0.854 0.933 1.028 1.035 1.010 0.973 0.925 0.748 0.723 1.712
4.000 60.000 -3.128 -2.825 -2.417 -2.196 -1.953 -1.538 -1.271 -0.856 -0.582 -0.195 -0.022 0.202 0.314 0.439 0.592 0.754 0.828 0.917 0.923 0.895 0.856 0.809 0.632 0.606 1.613
4.000 70.000 -3.180 -2.878 -2.471 -2.250 -2.009 -1.593 -1.328 -0.913 -0.640 -0.254 -0.082 0.140 0.251 0.374 0.525 0.682 0.754 0.834 0.836 0.807 0.767 0.716 0.538 0.513 1.535
4.000 80.000 -3.218 -2.917 -2.510 -2.290 -2.050 -1.635 -1.370 -0.956 -0.684 -0.299 -0.128 0.092 0.202 0.324 0.472 0.625 0.695 0.768 0.767 0.735 0.694 0.640 0.461 0.437 1.474
4.000 90.000 -3.248 -2.948 -2.541 -2.321 -2.082 -1.668 -1.403 -0.991 -0.719 -0.336 -0.166 0.053 0.162 0.282 0.428 0.576 0.643 0.710 0.706 0.672 0.630 0.574 0.393 0.370 1.424
4.000 100.000 -3.276 -2.976 -2.570 -2.350 -2.111 -1.698 -1.434 -1.022 -0.751 -0.370 -0.200 0.017 0.125 0.243 0.386 0.530 0.594 0.655 0.649 0.612 0.570 0.511 0.331 0.307 1.378
4.000 110.000 -3.300 -3.001 -2.596 -2.376 -2.138 -1.725 -1.462 -1.051 -0.781 -0.401 -0.233 -0.017 0.090 0.207 0.347 0.486 0.547 0.603 0.594 0.556 0.513 0.453 0.273 0.250 1.337
4.000 120.000 -3.324 -3.025 -2.620 -2.401 -2.164 -1.751 -1.488 -1.079 -0.809 -0.431 -0.263 -0.050 0.056 0.172 0.309 0.443 0.502 0.552 0.541 0.501 0.458 0.397 0.218 0.195 1.296
4.000 130.000 -3.349 -3.050 -2.646 -2.427 -2.190 -1.778 -1.516 -1.107 -0.838 -0.462 -0.295 -0.083 0.022 0.135 0.269 0.399 0.454 0.499 0.486 0.444 0.400 0.338 0.160 0.138 1.255
4.000 140.000 -3.374 -3.076 -2.671 -2.453 -2.216 -1.805 -1.543 -1.136 -0.867 -0.492 -0.326 -0.116 -0.012 0.099 0.230 0.356 0.406 0.447 0.431 0.388 0.343 0.281 0.104 0.082 1.214
4.000 150.000 -3.399 -3.102 -2.698 -2.480 -2.243 -1.832 -1.571 -1.165 -0.897 -0.524 -0.359 -0.151 -0.048 0.062 0.190 0.311 0.358 0.394 0.377 0.332 0.287 0.224 0.049 0.027 1.174
4.000 175.000 -3.462 -3.165 -2.762 -2.545 -2.309 -1.900 -1.640 -1.236 -0.970 -0.600 -0.438 -0.234 -0.134 -0.028 0.093 0.202 0.242 0.266 0.244 0.197 0.151 0.088 -0.081 -0.103 1.077
4.000 200.000 -3.518 -3.222 -2.820 -2.603 -2.368 -1.961 -1.702 -1.300 -1.036 -0.670 -0.510 -0.309 -0.212 -0.111 0.003 0.103 0.134 0.148 0.123 0.073 0.025 -0.037 -0.202 -0.222 0.989
4.000 250.000 -3.616 -3.322 -2.923 -2.708 -2.476 -2.071 -1.816 -1.417 -1.157 -0.797 -0.643 -0.450 -0.360 -0.267 -0.166 -0.088 -0.072 -0.075 -0.106 -0.158 -0.205 -0.265 -0.414 -0.433 0.828
4.000 300.000 -3.700 -3.408 -3.010 -2.797 -2.569 -2.166 -1.913 -1.518 -1.262 -0.908 -0.760 -0.574 -0.491 -0.407 -0.319 -0.261 -0.258 -0.275 -0.310 -0.363 -0.408 -0.464 -0.598 -0.615 0.689
4.000 350.000 -3.773 -3.482 -3.086 -2.873 -2.649 -2.248 -1.998 -1.607 -1.355 -1.007 -0.865 -0.687 -0.611 -0.536 -0.460 -0.422 -0.432 -0.461 -0.498 -0.551 -0.594 -0.646 -0.765 -0.781 0.563
4.000 400.000 -3.838 -3.548 -3.154 -2.943 -2.722 -2.322 -2.076 -1.687 -1.439 -1.098 -0.962 -0.792 -0.723 -0.657 -0.594 -0.574 -0.596 -0.634 -0.674 -0.726 -0.766 -0.814 -0.919 -0.933 0.445
4.000 450.000 -3.898 -3.609 -3.219 -3.009 -2.793 -2.394 -2.152 -1.766 -1.522 -1.186 -1.058 -0.896 -0.835 -0.778 -0.726 -0.725 -0.759 -0.803 -0.843 -0.894 -0.930 -0.972 -1.063 -1.077 0.332
4.000 500.000 -3.954 -3.666 -3.278 -3.069 -2.858 -2.459 -2.222 -1.839 -1.599 -1.269 -1.148 -0.995 -0.941 -0.894 -0.852 -0.869 -0.914 -0.961 -1.002 -1.051 -1.083 -1.119 -1.196 -1.210 0.228
4.000 600.000 -4.046 -3.759 -3.377 -3.169 -2.967 -2.571 -2.343 -1.969 -1.741 -1.429 -1.326 -1.196 -1.162 -1.138 -1.123 -1.176 -1.244 -1.283 -1.315 -1.352 -1.370 -1.391 -1.435 -1.445 0.038
4.000 700.000 -4.138 -3.853 -3.473 -3.267 -3.072 -2.678 -2.457 -2.090 -1.871 -1.573 -1.486 -1.372 -1.354 -1.348 -1.351 -1.432 -1.515 -1.554 -1.583 -1.617 -1.628 -1.641 -1.668 -1.676 -0.133
4.000 800.000 -4.222 -3.936 -3.559 -3.355 -3.166 -2.774 -2.561 -2.203 -1.994 -1.712 -1.640 -1.545 -1.543 -1.555 -1.578 -1.684 -1.782 -1.814 -1.838 -1.868 -1.875 -1.874 -1.883 -1.893 -0.292
4.000 1000.000 -4.397 -4.110 -3.735 -3.532 -3.351 -2.964 -2.763 -2.421 -2.230 -1.979 -1.935 -1.871 -1.896 -1.939 -1.992 -2.134 -2.255 -2.271 -2.289 -2.316 -2.315 -2.295 -2.280 -2.292 -0.572
4.000 1200.000 -4.543 -4.254 -3.880 -3.677 -3.504 -3.123 -2.935 -2.613 -2.444 -2.230 -2.215 -2.187 -2.241 -2.314 -2.398 -2.572 -2.711 -2.711 -2.721 -2.747 -2.738 -2.700 -2.665 -2.677 -0.838
4.000 1500.000 -4.767 -4.471 -4.094 -3.891 -3.726 -3.355 -3.185 -2.892 -2.755 -2.597 -2.625 -2.646 -2.739 -2.854 -2.978 -3.193 -3.359 -3.339 -3.342 -3.373 -3.360 -3.299 -3.241 -3.254 -1.219
4.500 0.000 -0.754 -0.443 -0.039 0.192 0.483 0.899 1.179 1.570 1.835 2.164 2.326 2.486 2.590 2.698 2.816 2.964 3.042 3.146 3.165 3.162 3.139 3.097 2.919 2.889 4.061
4.500 1.000 -0.825 -0.514 -0.113 0.118 0.408 0.825 1.104 1.495 1.760 2.088 2.250 2.409 2.513 2.623 2.745 2.891 2.973 3.078 3.098 3.095 3.076 3.029 2.850 2.821 3.986
4.500 5.000 -1.197 -0.888 -0.488 -0.259 0.017 0.438 0.712 1.110 1.377 1.715 1.876 2.042 2.146 2.261 2.400 2.555 2.647 2.757 2.779 2.775 2.756 2.708 2.530 2.504 3.561
4.500 10.000 -1.500 -1.193 -0.792 -0.564 -0.299 0.124 0.394 0.796 1.063 1.405 1.563 1.734 1.836 1.948 2.090 2.245 2.335 2.442 2.460 2.452 2.429 2.380 2.206 2.180 3.224
4.500 15.000 -1.713 -1.407 -1.004 -0.778 -0.517 -0.094 0.175 0.577 0.843 1.186 1.341 1.515 1.613 1.723 1.862 2.013 2.099 2.198 2.213 2.200 2.174 2.123 1.950 1.926 2.979
4.500 20.000 -1.876 -1.571 -1.167 -0.941 -0.683 -0.261 0.007 0.409 0.674 1.017 1.171 1.345 1.442 1.549 1.685 1.833 1.915 2.007 2.019 2.002 1.974 1.922 1.750 1.726 2.790
4.500 25.000 -2.009 -1.704 -1.300 -1.075 -0.820 -0.399 -0.131 0.271 0.535 0.879 1.031 1.206 1.301 1.405 1.540 1.684 1.763 1.850 1.859 1.839 1.808 1.756 1.585 1.562 2.634
4.500 30.000 -2.117 -1.814 -1.409 -1.184 -0.932 -0.511 -0.244 0.158 0.421 0.765 0.915 1.092 1.185 1.288 1.420 1.562 1.637 1.720 1.727 1.705 1.673 1.620 1.450 1.427 2.509
4.500 40.000 -2.287 -1.985 -1.579 -1.355 -1.106 -0.687 -0.421 -0.019 0.243 0.586 0.734 0.911 1.002 1.101 1.229 1.367 1.436 1.513 1.516 1.491 1.457 1.403 1.236 1.213 2.317
4.500 50.000 -2.419 -2.118 -1.711 -1.488 -1.242 -0.824 -0.559 -0.157 0.103 0.446 0.592 0.769 0.858 0.955 1.079 1.212 1.276 1.348 1.347 1.319 1.283 1.229 1.063 1.040 2.168
4.500 60.000 -2.495 -2.195 -1.788 -1.566 -1.319 -0.903 -0.637 -0.238 0.022 0.363 0.509 0.685 0.772 0.867 0.987 1.116 1.175 1.242 1.239 1.209 1.171 1.118 0.952 0.929 2.075
4.500 70.000 -2.545 -2.245 -1.839 -1.618 -1.373 -0.957 -0.693 -0.294 -0.035 0.305 0.449 0.624 0.710 0.804 0.921 1.045 1.103 1.161 1.155 1.124 1.084 1.028 0.862 0.840 2.002
4.500 80.000 -2.579 -2.280 -1.875 -1.654 -1.410 -0.995 -0.732 -0.334 -0.076 0.263 0.406 0.579 0.664 0.756 0.871 0.990 1.046 1.097 1.088 1.054 1.015 0.956 0.789 0.768 1.945
4.500 90.000 -2.607 -2.309 -1.904 -1.684 -1.440 -1.026 -0.764 -0.366 -0.109 0.228 0.370 0.541 0.625 0.716 0.827 0.942 0.995 1.040 1.029 0.993 0.953 0.892 0.725 0.704 1.898
4.500 100.000 -2.632 -2.334 -1.931 -1.710 -1.468 -1.054 -0.792 -0.397 -0.140 0.195 0.337 0.506 0.589 0.678 0.787 0.897 0.947 0.987 0.974 0.936 0.896 0.833 0.666 0.646 1.856
4.500 110.000 -2.655 -2.358 -1.954 -1.735 -1.493 -1.080 -0.819 -0.424 -0.168 0.165 0.306 0.473 0.555 0.642 0.749 0.854 0.901 0.936 0.921 0.882 0.841 0.777 0.611 0.591 1.817
4.500 120.000 -2.676 -2.379 -1.977 -1.757 -1.516 -1.104 -0.844 -0.450 -0.195 0.137 0.277 0.442 0.523 0.609 0.713 0.814 0.858 0.887 0.870 0.830 0.789 0.724 0.560 0.540 1.780
4.500 130.000 -2.699 -2.403 -2.001 -1.782 -1.541 -1.129 -0.869 -0.477 -0.223 0.108 0.246 0.410 0.490 0.573 0.674 0.770 0.811 0.836 0.817 0.775 0.734 0.668 0.506 0.486 1.742
4.500 140.000 -2.722 -2.426 -2.025 -1.806 -1.565 -1.155 -0.895 -0.504 -0.250 0.078 0.216 0.378 0.456 0.538 0.636 0.728 0.765 0.785 0.764 0.721 0.680 0.614 0.452 0.433 1.705
4.500 150.000 -2.746 -2.451 -2.049 -1.831 -1.591 -1.181 -0.922 -0.532 -0.279 0.048 0.184 0.345 0.422 0.502 0.597 0.684 0.718 0.734 0.711 0.668 0.626 0.560 0.400 0.381 1.668
4.500 175.000 -2.803 -2.510 -2.109 -1.892 -1.653 -1.245 -0.988 -0.600 -0.349 -0.026 0.108 0.265 0.339 0.415 0.502 0.578 0.605 0.610 0.584 0.538 0.496 0.430 0.277 0.258 1.578
4.500 200.000 -2.855 -2.562 -2.163 -1.947 -1.709 -1.303 -1.047 -0.661 -0.413 -0.093 0.039 0.191 0.262 0.334 0.415 0.480 0.500 0.495 0.466 0.419 0.376 0.311 0.163 0.146 1.497
4.500 250.000 -2.945 -2.654 -2.258 -2.044 -1.810 -1.407 -1.154 -0.773 -0.529 -0.215 -0.090 0.055 0.119 0.182 0.249 0.293 0.299 0.279 0.245 0.197 0.157 0.095 -0.036 -0.052 1.346
4.500 300.000 -3.021 -2.732 -2.339 -2.126 -1.896 -1.495 -1.246 -0.869 -0.629 -0.322 -0.203 -0.066 -0.009 0.045 0.099 0.124 0.117 0.086 0.049 0.002 -0.036 -0.093 -0.210 -0.224 1.216
4.500 350.000 -3.088 -2.801 -2.410 -2.198 -1.972 -1.573 -1.328 -0.955 -0.719 -0.419 -0.305 -0.177 -0.126 -0.082 -0.039 -0.033 -0.052 -0.093 -0.131 -0.177 -0.213 -0.265 -0.367 -0.380 1.098
4.500 400.000 -3.148 -2.862 -2.473 -2.263 -2.040 -1.644 -1.402 -1.032 -0.801 -0.507 -0.400 -0.280 -0.236 -0.201 -0.170 -0.181 -0.210 -0.258 -0.297 -0.342 -0.374 -0.421 -0.510 -0.522 0.992
4.500 450.000 -3.204 -2.919 -2.534 -2.325 -2.109 -1.712 -1.475 -1.109 -0.881 -0.594 -0.494 -0.382 -0.346 -0.319 -0.299 -0.328 -0.368 -0.419 -0.457 -0.500 -0.528 -0.570 -0.645 -0.657 0.886
4.500 500.000 -3.255 -2.972 -2.590 -2.383 -2.171 -1.776 -1.543 -1.180 -0.957 -0.675 -0.582 -0.479 -0.450 -0.433 -0.422 -0.468 -0.518 -0.570 -0.608 -0.649 -0.673 -0.708 -0.770 -0.782 0.789
4.500 600.000 -3.341 -3.060 -2.684 -2.479 -2.276 -1.884 -1.661 -1.307 -1.095 -0.831 -0.756 -0.674 -0.664 -0.669 -0.683 -0.760 -0.830 -0.872 -0.901 -0.930 -0.942 -0.963 -0.995 -1.004 0.612
4.500 700.000 -3.426 -3.146 -2.774 -2.570 -2.376 -1.986 -1.772 -1.425 -1.223 -0.974 -0.914 -0.850 -0.855 -0.877 -0.909 -1.012 -1.096 -1.132 -1.157 -1.183 -1.187 -1.198 -1.213 -1.221 0.453
4.500 800.000 -3.507 -3.227 -2.858 -2.656 -2.469 -2.082 -1.875 -1.536 -1.344 -1.110 -1.064 -1.016 -1.036 -1.073 -1.122 -1.245 -1.341 -1.370 -1.391 -1.413 -1.413 -1.413 -1.414 -1.423 0.306
4.500 1000.000 -3.671 -3.391 -3.025 -2.826 -2.647 -2.266 -2.072 -1.751 -1.576 -1.373 -1.354 -1.336 -1.382 -1.448 -1.525 -1.678 -1.795 -1.804 -1.817 -1.835 -1.829 -1.808 -1.787 -1.798 0.044
4.500 1200.000 -3.807 -3.526 -3.163 -2.965 -2.795 -2.420 -2.240 -1.939 -1.787 -1.619 -1.629 -1.644 -1.716 -1.811 -1.916 -2.097 -2.231 -2.222 -2.228 -2.247 -2.234 -2.196 -2.156 -2.168 -0.205
4.500 1500.000 -4.017 -3.731 -3.366 -3.168 -3.010 -2.646 -2.486 -2.216 -2.096 -1.983 -2.034 -2.096 -2.205 -2.338 -2.480 -2.694 -2.854 -2.821 -2.819 -2.844 -2.826 -2.764 -2.702 -2.717 -0.559
5.000 0.000 -0.322 -0.019 0.375 0.600 0.883 1.286 1.552 1.913 2.152 2.429 2.562 2.689 2.775 2.867 2.971 3.100 3.170 3.254 3.264 3.254 3.225 3.180 3.010 2.982 4.270
5.000 1.000 -0.372 -0.070 0.321 0.546 0.829 1.233 1.498 1.858 2.097 2.373 2.507 2.631 2.718 2.810 2.916 3.044 3.115 3.199 3.209 3.198 3.173 3.123 2.950 2.923 4.216
5.000 5.000 -0.658 -0.357 0.032 0.256 0.530 0.937 1.198 1.562 1.802 2.085 2.218 2.345 2.433 2.529 2.647 2.782 2.862 2.952 2.965 2.956 2.935 2.881 2.708 2.682 3.888
5.000 10.000 -0.930 -0.631 -0.241 -0.018 0.246 0.655 0.913 1.280 1.520 1.806 1.937 2.069 2.154 2.248 2.369 2.503 2.582 2.669 2.680 2.668 2.644 2.590 2.421 2.396 3.580
5.000 15.000 -1.127 -0.829 -0.438 -0.216 0.044 0.452 0.709 1.077 1.316 1.603 1.731 1.865 1.948 2.039 2.157 2.288 2.364 2.445 2.452 2.437 2.411 2.354 2.187 2.164 3.352
5.000 20.000 -1.276 -0.979 -0.587 -0.366 -0.109 0.298 0.554 0.922 1.160 1.447 1.573 1.708 1.789 1.878 1.993 2.120 2.192 2.267 2.271 2.252 2.225 2.168 2.003 1.981 3.179
5.000 25.000 -1.399 -1.102 -0.710 -0.490 -0.235 0.171 0.426 0.794 1.031 1.318 1.443 1.578 1.657 1.743 1.857 1.979 2.047 2.117 2.119 2.097 2.068 2.010 1.848 1.826 3.033
5.000 30.000 -1.500 -1.204 -0.811 -0.592 -0.340 0.065 0.320 0.688 0.924 1.212 1.335 1.470 1.547 1.632 1.743 1.863 1.928 1.993 1.993 1.969 1.939 1.880 1.719 1.698 2.916
5.000 40.000 -1.659 -1.365 -0.971 -0.753 -0.505 -0.101 0.153 0.520 0.755 1.042 1.163 1.299 1.374 1.455 1.562 1.677 1.737 1.795 1.791 1.765 1.733 1.674 1.516 1.495 2.735
5.000 50.000 -1.785 -1.491 -1.097 -0.880 -0.635 -0.232 0.020 0.387 0.621 0.908 1.027 1.163 1.235 1.314 1.418 1.529 1.583 1.637 1.630 1.601 1.568 1.508 1.353 1.332 2.595
5.000 60.000 -1.857 -1.565 -1.171 -0.954 -0.709 -0.308 -0.055 0.310 0.543 0.828 0.946 1.082 1.153 1.230 1.329 1.437 1.487 1.535 1.526 1.496 1.461 1.402 1.246 1.225 2.508
5.000 70.000 -1.905 -1.613 -1.220 -1.005 -0.761 -0.360 -0.109 0.256 0.488 0.772 0.889 1.023 1.093 1.169 1.266 1.368 1.417 1.457 1.445 1.414 1.377 1.315 1.159 1.139 2.438
5.000 80.000 -1.936 -1.645 -1.253 -1.037 -0.795 -0.395 -0.145 0.219 0.450 0.733 0.848 0.981 1.050 1.124 1.218 1.315 1.362 1.395 1.381 1.348 1.311 1.246 1.091 1.071 2.385
5.000 90.000 -1.961 -1.671 -1.280 -1.065 -0.824 -0.424 -0.175 0.188 0.418 0.699 0.814 0.945 1.012 1.085 1.176 1.269 1.313 1.341 1.324 1.289 1.252 1.186 1.030 1.011 2.341
5.000 100.000 -1.985 -1.695 -1.305 -1.090 -0.850 -0.451 -0.203 0.159 0.389 0.668 0.782 0.911 0.977 1.048 1.137 1.225 1.267 1.289 1.271 1.234 1.197 1.129 0.974 0.955 2.301
5.000 110.000 -2.005 -1.717 -1.327 -1.113 -0.873 -0.475 -0.228 0.133 0.362 0.640 0.753 0.880 0.945 1.014 1.101 1.184 1.223 1.240 1.220 1.182 1.145 1.076 0.921 0.903 2.265
5.000 120.000 -2.025 -1.736 -1.347 -1.134 -0.895 -0.498 -0.251 0.109 0.337 0.613 0.725 0.851 0.915 0.983 1.066 1.145 1.182 1.194 1.172 1.133 1.096 1.026 0.873 0.855 2.232
5.000 130.000 -2.046 -1.758 -1.370 -1.156 -0.918 -0.521 -0.275 0.083 0.310 0.585 0.696 0.820 0.883 0.949 1.029 1.103 1.136 1.144 1.121 1.081 1.043 0.973 0.821 0.803 2.196
5.000 140.000 -2.067 -1.780 -1.392 -1.179 -0.941 -0.546 -0.300 0.057 0.283 0.557 0.667 0.789 0.851 0.914 0.992 1.061 1.091 1.095 1.070 1.029 0.992 0.921 0.771 0.754 2.162
5.000 150.000 -2.089 -1.803 -1.415 -1.203 -0.965 -0.571 -0.325 0.030 0.256 0.528 0.636 0.757 0.817 0.879 0.954 1.019 1.046 1.045 1.019 0.977 0.940 0.869 0.722 0.705 2.128
5.000 175.000 -2.142 -1.857 -1.471 -1.260 -1.023 -0.631 -0.387 -0.034 0.189 0.457 0.563 0.680 0.737 0.795 0.862 0.916 0.936 0.925 0.896 0.853 0.815 0.746 0.605 0.588 2.046
5.000 200.000 -2.189 -1.905 -1.521 -1.310 -1.075 -0.685 -0.442 -0.092 0.129 0.393 0.497 0.609 0.663 0.716 0.776 0.820 0.833 0.813 0.781 0.738 0.701 0.633 0.499 0.483 1.970
5.000 250.000 -2.273 -1.991 -1.610 -1.401 -1.171 -0.783 -0.545 -0.199 0.018 0.275 0.373 0.476 0.524 0.567 0.614 0.637 0.637 0.604 0.569 0.525 0.491 0.427 0.308 0.294 1.830
5.000 300.000 -2.342 -2.063 -1.685 -1.478 -1.252 -0.867 -0.633 -0.290 -0.078 0.173 0.264 0.359 0.399 0.434 0.469 0.472 0.460 0.417 0.380 0.338 0.306 0.247 0.144 0.131 1.707
5.000 350.000 -2.405 -2.128 -1.752 -1.547 -1.324 -0.942 -0.711 -0.373 -0.165 0.079 0.164 0.251 0.284 0.310 0.333 0.318 0.297 0.246 0.208 0.167 0.139 0.085 -0.005 -0.016 1.599
5.000 400.000 -2.462 -2.186 -1.812 -1.608 -1.390 -1.010 -0.783 -0.449 -0.246 -0.008 0.071 0.150 0.177 0.194 0.205 0.175 0.143 0.088 0.051 0.012 -0.013 -0.062 -0.138 -0.148 1.504
5.000 450.000 -2.513 -2.239 -1.870 -1.667 -1.455 -1.076 -0.854 -0.523 -0.323 -0.091 -0.020 0.051 0.071 0.079 0.081 0.034 -0.008 -0.064 -0.101 -0.137 -0.158 -0.201 -0.264 -0.275 1.405
5.000 500.000 -2.562 -2.289 -1.923 -1.722 -1.516 -1.137 -0.920 -0.592 -0.397 -0.171 -0.106 -0.043 -0.031 -0.032 -0.040 -0.101 -0.152 -0.208 -0.244 -0.277 -0.294 -0.331 -0.383 -0.393 1.314
5.000 600.000 -2.642 -2.372 -2.012 -1.814 -1.617 -1.241 -1.034 -0.716 -0.532 -0.323 -0.276 -0.234 -0.240 -0.262 -0.292 -0.383 -0.451 -0.494 -0.521 -0.542 -0.547 -0.570 -0.594 -0.602 1.149
5.000 700.000 -2.723 -2.453 -2.099 -1.902 -1.713 -1.340 -1.142 -0.831 -0.656 -0.461 -0.428 -0.402 -0.422 -0.459 -0.507 -0.618 -0.700 -0.735 -0.758 -0.776 -0.775 -0.788 -0.797 -0.805 1.001
5.000 800.000 -2.799 -2.531 -2.180 -1.985 -1.803 -1.433 -1.242 -0.940 -0.774 -0.594 -0.575 -0.565 -0.598 -0.651 -0.714 -0.844 -0.936 -0.962 -0.980 -0.994 -0.989 -0.990 -0.986 -0.996 0.864
5.000 1000.000 -2.954 -2.686 -2.340 -2.148 -1.976 -1.612 -1.435 -1.150 -1.002 -0.851 -0.857 -0.876 -0.934 -1.013 -1.102 -1.257 -1.368 -1.371 -1.380 -1.391 -1.380 -1.361 -1.337 -1.349 0.620
5.000 1200.000 -3.084 -2.815 -2.471 -2.281 -2.120 -1.763 -1.600 -1.335 -1.208 -1.092 -1.124 -1.175 -1.256 -1.362 -1.477 -1.656 -1.784 -1.769 -1.773 -1.786 -1.769 -1.733 -1.691 -1.705 0.390
5.000 1500.000 -3.281 -3.009 -2.665 -2.477 -2.328 -1.983 -1.841 -1.607 -1.512 -1.448 -1.520 -1.613 -1.730 -1.872 -2.019 -2.226 -2.376 -2.334 -2.330 -2.348 -2.327 -2.268 -2.206 -2.223 0.061
5.500 0.000 0.104 0.391 0.764 0.977 1.241 1.619 1.860 2.180 2.387 2.617 2.726 2.830 2.905 2.986 3.081 3.199 3.263 3.332 3.337 3.324 3.291 3.244 3.083 3.056 4.417
5.500 1.000 0.067 0.354 0.723 0.936 1.200 1.580 1.819 2.138 2.345 2.575 2.684 2.784 2.860 2.941 3.038 3.153 3.217 3.286 3.290 3.276 3.246 3.194 3.030 3.003 4.378
5.500 5.000 -0.137 0.149 0.516 0.729 0.990 1.370 1.608 1.928 2.136 2.367 2.477 2.578 2.655 2.739 2.842 2.961 3.031 3.104 3.110 3.097 3.073 3.015 2.849 2.823 4.153
5.500 10.000 -0.368 -0.083 0.284 0.496 0.751 1.132 1.367 1.689 1.897 2.131 2.239 2.342 2.418 2.500 2.606 2.724 2.793 2.866 2.870 2.856 2.832 2.772 2.608 2.584 3.890
5.500 15.000 -0.545 -0.261 0.107 0.318 0.569 0.949 1.184 1.506 1.713 1.947 2.054 2.158 2.232 2.312 2.415 2.531 2.597 2.664 2.666 2.649 2.624 2.563 2.402 2.378 3.684
5.500 20.000 -0.680 -0.397 -0.029 0.181 0.429 0.809 1.042 1.364 1.571 1.805 1.910 2.015 2.087 2.164 2.265 2.376 2.439 2.500 2.499 2.480 2.453 2.392 2.235 2.212 3.527
5.500 25.000 -0.792 -0.510 -0.141 0.068 0.313 0.692 0.924 1.247 1.452 1.687 1.789 1.895 1.964 2.039 2.138 2.245 2.304 2.359 2.356 2.335 2.307 2.245 2.090 2.068 3.392
5.500 30.000 -0.886 -0.605 -0.236 -0.028 0.214 0.593 0.824 1.147 1.352 1.587 1.688 1.794 1.862 1.935 2.031 2.135 2.191 2.243 2.237 2.214 2.185 2.123 1.971 1.949 3.282
5.500 40.000 -1.033 -0.753 -0.384 -0.177 0.061 0.439 0.668 0.991 1.194 1.430 1.528 1.634 1.699 1.769 1.862 1.960 2.011 2.056 2.047 2.022 1.992 1.929 1.780 1.759 3.113
5.500 50.000 -1.150 -0.871 -0.502 -0.296 -0.062 0.315 0.543 0.866 1.068 1.303 1.399 1.506 1.569 1.637 1.726 1.820 1.867 1.907 1.895 1.868 1.837 1.774 1.627 1.606 2.982
5.500 60.000 -1.219 -0.941 -0.573 -0.367 -0.133 0.242 0.471 0.792 0.993 1.227 1.323 1.428 1.491 1.556 1.642 1.733 1.775 1.811 1.797 1.768 1.735 1.672 1.526 1.505 2.901
5.500 70.000 -1.262 -0.985 -0.618 -0.413 -0.182 0.194 0.420 0.741 0.942 1.175 1.269 1.374 1.435 1.499 1.582 1.668 1.709 1.737 1.720 1.691 1.657 1.590 1.444 1.424 2.835
5.500 80.000 -1.290 -1.014 -0.648 -0.443 -0.214 0.161 0.386 0.707 0.906 1.138 1.231 1.334 1.394 1.456 1.537 1.618 1.657 1.678 1.659 1.628 1.594 1.525 1.379 1.360 2.785
5.500 90.000 -1.313 -1.038 -0.673 -0.469 -0.240 0.134 0.358 0.678 0.876 1.107 1.199 1.300 1.359 1.419 1.497 1.574 1.610 1.626 1.605 1.573 1.539 1.468 1.322 1.303 2.745
5.500 100.000 -1.334 -1.059 -0.695 -0.492 -0.265 0.109 0.333 0.651 0.849 1.078 1.169 1.268 1.326 1.385 1.460 1.532 1.566 1.577 1.554 1.520 1.486 1.414 1.269 1.250 2.708
5.500 110.000 -1.353 -1.079 -0.716 -0.513 -0.286 0.087 0.309 0.627 0.824 1.052 1.142 1.239 1.295 1.353 1.426 1.493 1.524 1.530 1.506 1.471 1.437 1.364 1.220 1.201 2.675
5.500 120.000 -1.370 -1.097 -0.734 -0.532 -0.306 0.066 0.288 0.604 0.800 1.027 1.116 1.212 1.267 1.322 1.393 1.455 1.484 1.486 1.460 1.424 1.390 1.316 1.173 1.155 2.644
5.500 130.000 -1.390 -1.117 -0.755 -0.553 -0.328 0.043 0.264 0.579 0.775 1.000 1.088 1.182 1.235 1.289 1.357 1.414 1.440 1.437 1.410 1.374 1.340 1.265 1.125 1.107 2.612
5.500 140.000 -1.410 -1.138 -0.776 -0.575 -0.350 0.020 0.241 0.555 0.750 0.973 1.060 1.152 1.204 1.256 1.321 1.374 1.397 1.390 1.361 1.324 1.290 1.216 1.077 1.059 2.581
5.500 150.000 -1.430 -1.158 -0.798 -0.597 -0.373 -0.003 0.217 0.529 0.724 0.945 1.031 1.122 1.173 1.223 1.284 1.333 1.353 1.342 1.312 1.275 1.241 1.167 1.030 1.013 2.550
5.500 175.000 -1.479 -1.209 -0.850 -0.650 -0.428 -0.061 0.158 0.468 0.660 0.878 0.961 1.047 1.095 1.141 1.195 1.233 1.246 1.226 1.194 1.155 1.122 1.049 0.919 0.903 2.474
5.500 200.000 -1.522 -1.254 -0.897 -0.697 -0.477 -0.111 0.105 0.413 0.602 0.817 0.897 0.979 1.024 1.064 1.111 1.138 1.145 1.118 1.083 1.045 1.013 0.942 0.819 0.803 2.404
5.500 250.000 -1.599 -1.333 -0.980 -0.783 -0.568 -0.205 0.007 0.311 0.496 0.704 0.778 0.851 0.888 0.920 0.954 0.960 0.955 0.915 0.878 0.841 0.812 0.745 0.638 0.623 2.271
5.500 300.000 -1.665 -1.401 -1.051 -0.856 -0.645 -0.285 -0.077 0.223 0.404 0.605 0.672 0.737 0.767 0.790 0.811 0.799 0.783 0.735 0.697 0.661 0.636 0.574 0.481 0.468 2.156
5.500 350.000 -1.724 -1.462 -1.115 -0.921 -0.715 -0.357 -0.153 0.143 0.319 0.514 0.575 0.632 0.655 0.668 0.678 0.649 0.624 0.570 0.532 0.499 0.477 0.420 0.342 0.330 2.058
5.500 400.000 -1.777 -1.517 -1.172 -0.980 -0.777 -0.422 -0.221 0.070 0.242 0.430 0.485 0.534 0.550 0.554 0.554 0.509 0.475 0.417 0.381 0.350 0.332 0.281 0.215 0.204 1.969
5.500 450.000 -1.826 -1.568 -1.227 -1.036 -0.839 -0.484 -0.289 -0.001 0.168 0.349 0.397 0.438 0.447 0.443 0.432 0.373 0.329 0.272 0.237 0.209 0.194 0.149 0.095 0.084 1.878
5.500 500.000 -1.872 -1.615 -1.277 -1.088 -0.895 -0.542 -0.351 -0.067 0.097 0.273 0.314 0.347 0.349 0.336 0.316 0.243 0.191 0.135 0.101 0.076 0.065 0.026 -0.016 -0.027 1.793
5.500 600.000 -1.950 -1.695 -1.363 -1.176 -0.992 -0.643 -0.461 -0.187 -0.033 0.124 0.149 0.161 0.147 0.113 0.071 -0.027 -0.094 -0.135 -0.160 -0.173 -0.173 -0.198 -0.216 -0.224 1.641
5.500 700.000 -2.027 -1.774 -1.446 -1.261 -1.085 -0.739 -0.565 -0.298 -0.153 -0.009 0.003 -0.000 -0.027 -0.076 -0.133 -0.249 -0.327 -0.360 -0.380 -0.389 -0.384 -0.398 -0.402 -0.412 1.504
5.500 800.000 -2.101 -1.848 -1.524 -1.342 -1.172 -0.829 -0.663 -0.405 -0.269 -0.140 -0.141 -0.159 -0.199 -0.262 -0.334 -0.465 -0.553 -0.574 -0.589 -0.595 -0.586 -0.589 -0.582 -0.592 1.378
5.500 1000.000 -2.249 -1.997 -1.678 -1.498 -1.339 -1.003 -0.850 -0.609 -0.490 -0.389 -0.414 -0.459 -0.522 -0.609 -0.705 -0.857 -0.964 -0.961 -0.969 -0.972 -0.958 -0.941 -0.914 -0.928 1.151
5.500 1200.000 -2.369 -2.118 -1.802 -1.624 -1.475 -1.148 -1.009 -0.788 -0.690 -0.622 -0.674 -0.749 -0.835 -0.947 -1.067 -1.240 -1.360 -1.337 -1.338 -1.342 -1.323 -1.290 -1.247 -1.262 0.940
5.500 1500.000 -2.557 -2.302 -1.987 -1.813 -1.677 -1.362 -1.244 -1.053 -0.986 -0.968 -1.057 -1.172 -1.289 -1.434 -1.582 -1.775 -1.916 -1.863 -1.857 -1.867 -1.844 -1.788 -1.728 -1.746 0.637
6.000 0.000 0.510 0.776 1.118 1.314 1.557 1.898 2.109 2.383 2.558 2.748 2.840 2.928 2.997 3.070 3.160 3.269 3.327 3.386 3.386 3.372 3.337 3.289 3.135 3.108 4.535
6.000 1.000 0.481 0.746 1.085 1.281 1.523 1.866 2.075 2.348 2.524 2.713 2.806 2.890 2.961 3.034 3.125 3.231 3.289 3.348 3.346 3.331 3.298 3.244 3.087 3.061 4.505
6.000 5.000 0.338 0.603 0.939 1.136 1.379 1.722 1.931 2.202 2.379 2.565 2.659 2.741 2.812 2.886 2.979 3.086 3.144 3.207 3.207 3.191 3.163 3.105 2.945 2.919 4.358
6.000 10.000 0.158 0.422 0.758 0.954 1.193 1.537 1.744 2.015 2.192 2.379 2.471 2.553 2.623 2.695 2.787 2.891 2.947 3.010 3.008 2.992 2.965 2.908 2.752 2.727 4.154
6.000 15.000 0.006 0.269 0.605 0.801 1.037 1.380 1.586 1.857 2.033 2.221 2.311 2.394 2.462 2.532 2.622 2.723 2.777 2.835 2.832 2.814 2.786 2.729 2.576 2.551 3.980
6.000 20.000 -0.116 0.147 0.483 0.678 0.911 1.253 1.459 1.730 1.905 2.093 2.182 2.265 2.332 2.400 2.488 2.586 2.636 2.689 2.684 2.664 2.635 2.578 2.428 2.404 3.842
6.000 25.000 -0.216 0.046 0.382 0.576 0.806 1.148 1.352 1.624 1.798 1.986 2.073 2.156 2.221 2.286 2.372 2.465 2.512 2.559 2.552 2.530 2.500 2.442 2.296 2.272 3.719
6.000 30.000 -0.303 -0.042 0.294 0.487 0.714 1.056 1.259 1.531 1.705 1.893 1.979 2.062 2.125 2.189 2.273 2.363 2.407 2.450 2.440 2.417 2.386 2.328 2.184 2.161 3.617
6.000 40.000 -0.442 -0.182 0.154 0.346 0.569 0.910 1.111 1.384 1.556 1.745 1.828 1.912 1.973 2.034 2.115 2.199 2.238 2.275 2.262 2.236 2.204 2.144 2.003 1.981 3.460
6.000 50.000 -0.552 -0.293 0.043 0.233 0.452 0.793 0.993 1.265 1.437 1.626 1.707 1.792 1.850 1.909 1.987 2.068 2.103 2.135 2.119 2.092 2.059 1.998 1.860 1.838 3.337
6.000 60.000 -0.616 -0.358 -0.023 0.167 0.385 0.725 0.924 1.196 1.367 1.555 1.636 1.720 1.777 1.834 1.909 1.987 2.018 2.046 2.028 2.000 1.965 1.904 1.766 1.744 3.262
6.000 70.000 -0.656 -0.399 -0.065 0.124 0.339 0.678 0.877 1.148 1.318 1.507 1.586 1.668 1.725 1.781 1.853 1.926 1.957 1.977 1.956 1.927 1.892 1.828 1.690 1.668 3.201
6.000 80.000 -0.682 -0.426 -0.093 0.095 0.309 0.648 0.845 1.116 1.285 1.473 1.551 1.632 1.687 1.741 1.812 1.880 1.909 1.923 1.900 1.869 1.833 1.767 1.629 1.608 3.154
6.000 90.000 -0.703 -0.448 -0.116 0.072 0.284 0.623 0.818 1.089 1.257 1.444 1.521 1.600 1.654 1.707 1.775 1.838 1.865 1.873 1.849 1.817 1.781 1.713 1.575 1.555 3.117
6.000 100.000 -0.722 -0.467 -0.137 0.051 0.262 0.600 0.795 1.064 1.232 1.418 1.493 1.571 1.624 1.675 1.741 1.800 1.824 1.828 1.801 1.768 1.733 1.664 1.527 1.507 3.083
6.000 110.000 -0.739 -0.485 -0.156 0.032 0.242 0.579 0.773 1.041 1.209 1.393 1.468 1.544 1.595 1.644 1.707 1.762 1.783 1.783 1.755 1.721 1.686 1.616 1.480 1.460 3.052
6.000 120.000 -0.754 -0.501 -0.172 0.015 0.224 0.560 0.753 1.021 1.187 1.370 1.444 1.518 1.568 1.616 1.676 1.726 1.745 1.740 1.711 1.677 1.641 1.571 1.437 1.417 3.025
6.000 130.000 -0.772 -0.520 -0.192 -0.005 0.203 0.539 0.731 0.998 1.163 1.345 1.417 1.490 1.539 1.584 1.641 1.687 1.702 1.694 1.663 1.628 1.593 1.522 1.391 1.372 2.996
6.000 140.000 -0.791 -0.539 -0.212 -0.026 0.181 0.516 0.708 0.974 1.139 1.318 1.390 1.461 1.508 1.552 1.606 1.647 1.660 1.648 1.616 1.581 1.546 1.475 1.346 1.327 2.965
6.000 150.000 -0.810 -0.559 -0.233 -0.047 0.160 0.494 0.685 0.950 1.114 1.292 1.363 1.432 1.478 1.520 1.571 1.608 1.618 1.602 1.569 1.533 1.499 1.428 1.301 1.282 2.936
6.000 175.000 -0.856 -0.606 -0.281 -0.097 0.108 0.441 0.629 0.892 1.054 1.229 1.296 1.361 1.404 1.440 1.485 1.510 1.514 1.490 1.455 1.419 1.386 1.317 1.197 1.179 2.867
6.000 200.000 -0.897 -0.648 -0.326 -0.142 0.060 0.392 0.578 0.839 0.999 1.170 1.235 1.295 1.334 1.366 1.404 1.418 1.416 1.385 1.348 1.312 1.280 1.213 1.100 1.083 2.801
6.000 250.000 -0.970 -0.723 -0.405 -0.223 -0.025 0.303 0.486 0.742 0.898 1.063 1.120 1.172 1.204 1.226 1.251 1.245 1.231 1.189 1.151 1.116 1.088 1.024 0.927 0.912 2.679
6.000 300.000 -1.035 -0.791 -0.475 -0.296 -0.102 0.224 0.403 0.656 0.807 0.966 1.018 1.061 1.087 1.100 1.113 1.090 1.066 1.017 0.978 0.946 0.921 0.862 0.779 0.764 2.574
6.000 350.000 -1.090 -0.848 -0.535 -0.357 -0.167 0.157 0.332 0.580 0.727 0.879 0.924 0.959 0.977 0.982 0.983 0.943 0.910 0.857 0.819 0.790 0.769 0.716 0.647 0.634 2.482
6.000 400.000 -1.140 -0.900 -0.589 -0.413 -0.227 0.094 0.265 0.510 0.653 0.798 0.837 0.864 0.875 0.870 0.861 0.806 0.765 0.710 0.673 0.647 0.630 0.583 0.527 0.514 2.400
6.000 450.000 -1.189 -0.950 -0.642 -0.467 -0.286 0.034 0.201 0.441 0.580 0.719 0.752 0.771 0.775 0.762 0.743 0.674 0.625 0.570 0.536 0.513 0.500 0.458 0.413 0.401 2.315
6.000 500.000 -1.235 -0.997 -0.692 -0.518 -0.341 -0.023 0.140 0.377 0.512 0.644 0.671 0.682 0.679 0.657 0.629 0.549 0.492 0.440 0.408 0.388 0.378 0.343 0.308 0.297 2.238
6.000 600.000 -1.309 -1.073 -0.774 -0.602 -0.433 -0.119 0.035 0.262 0.387 0.502 0.512 0.504 0.485 0.444 0.395 0.292 0.223 0.187 0.164 0.156 0.157 0.135 0.122 0.112 2.099
6.000 700.000 -1.385 -1.151 -0.855 -0.686 -0.524 -0.214 -0.067 0.153 0.269 0.371 0.369 0.346 0.315 0.260 0.196 0.078 -0.002 -0.028 -0.046 -0.050 -0.045 -0.056 -0.056 -0.067 1.971
6.000 800.000 -1.453 -1.220 -0.927 -0.760 -0.605 -0.298 -0.159 0.052 0.160 0.246 0.231 0.193 0.150 0.080 0.002 -0.128 -0.216 -0.229 -0.242 -0.242 -0.232 -0.233 -0.220 -0.233 1.856
6.000 1000.000 -1.592 -1.360 -1.072 -0.908 -0.763 -0.463 -0.337 -0.143 -0.052 0.007 -0.032 -0.096 -0.161 -0.253 -0.354 -0.503 -0.607 -0.596 -0.601 -0.599 -0.586 -0.565 -0.536 -0.552 1.647
6.000 1200.000 -1.710 -1.478 -1.193 -1.032 -0.897 -0.606 -0.493 -0.318 -0.248 -0.221 -0.285 -0.376 -0.463 -0.579 -0.701 -0.865 -0.982 -0.949 -0.948 -0.947 -0.930 -0.893 -0.849 -0.867 1.449
6.000 1500.000 -1.888 -1.655 -1.372 -1.213 -1.093 -0.815 -0.723 -0.577 -0.536 -0.556 -0.655 -0.783 -0.900 -1.045 -1.192 -1.372 -1.509 -1.447 -1.440 -1.445 -1.425 -1.366 -1.305 -1.326 1.168
6.500 0.000 0.886 1.126 1.431 1.607 1.826 2.125 2.304 2.532 2.680 2.837 2.920 2.996 3.064 3.132 3.217 3.322 3.376 3.429 3.426 3.413 3.374 3.326 3.176 3.149 4.643
6.500 1.000 0.861 1.101 1.403 1.580 1.798 2.098 2.276 2.503 2.652 2.808 2.891 2.965 3.034 3.102 3.188 3.290 3.344 3.397 3.392 3.377 3.342 3.287 3.133 3.107 4.617
6.500 5.000 0.758 0.997 1.297 1.473 1.694 1.994 2.173 2.397 2.546 2.699 2.783 2.852 2.922 2.990 3.076 3.176 3.228 3.285 3.281 3.265 3.234 3.177 3.020 2.994 4.520
6.500 10.000 0.625 0.864 1.162 1.339 1.559 1.858 2.036 2.258 2.408 2.558 2.641 2.708 2.776 2.841 2.925 3.020 3.068 3.125 3.121 3.105 3.076 3.021 2.871 2.844 4.374
6.500 15.000 0.499 0.737 1.036 1.212 1.431 1.729 1.907 2.128 2.277 2.427 2.509 2.576 2.643 2.706 2.787 2.880 2.925 2.979 2.974 2.958 2.927 2.874 2.726 2.700 4.235
6.500 20.000 0.392 0.629 0.928 1.104 1.320 1.618 1.795 2.017 2.165 2.315 2.396 2.463 2.529 2.590 2.670 2.760 2.802 2.853 2.846 2.828 2.797 2.743 2.597 2.571 4.118
6.500 25.000 0.299 0.536 0.835 1.010 1.223 1.521 1.697 1.919 2.067 2.217 2.296 2.364 2.428 2.488 2.565 2.652 2.691 2.737 2.728 2.708 2.676 2.622 2.479 2.454 4.010
6.500 30.000 0.219 0.455 0.754 0.928 1.139 1.436 1.611 1.834 1.981 2.132 2.210 2.278 2.341 2.399 2.475 2.559 2.596 2.639 2.627 2.606 2.573 2.518 2.377 2.353 3.918
6.500 40.000 0.089 0.324 0.623 0.796 1.002 1.299 1.472 1.696 1.842 1.994 2.070 2.139 2.199 2.255 2.329 2.408 2.441 2.477 2.462 2.438 2.404 2.347 2.209 2.185 3.773
6.500 50.000 -0.014 0.220 0.518 0.690 0.893 1.189 1.361 1.585 1.730 1.883 1.957 2.027 2.085 2.139 2.211 2.286 2.316 2.347 2.330 2.304 2.270 2.212 2.076 2.053 3.659
6.500 60.000 -0.073 0.160 0.457 0.629 0.830 1.126 1.297 1.521 1.665 1.818 1.891 1.960 2.018 2.070 2.139 2.212 2.238 2.266 2.246 2.220 2.184 2.126 1.991 1.967 3.589
6.500 70.000 -0.111 0.122 0.417 0.588 0.786 1.082 1.252 1.476 1.620 1.773 1.845 1.913 1.970 2.021 2.088 2.157 2.183 2.202 2.180 2.153 2.116 2.055 1.919 1.897 3.532
6.500 80.000 -0.135 0.097 0.391 0.561 0.757 1.054 1.222 1.446 1.589 1.742 1.812 1.880 1.935 1.985 2.050 2.115 2.138 2.152 2.128 2.099 2.062 1.998 1.862 1.840 3.489
6.500 90.000 -0.154 0.077 0.370 0.540 0.735 1.031 1.198 1.421 1.564 1.716 1.785 1.851 1.905 1.954 2.017 2.077 2.098 2.107 2.081 2.051 2.013 1.949 1.813 1.791 3.455
6.500 100.000 -0.171 0.059 0.352 0.521 0.714 1.010 1.176 1.398 1.541 1.692 1.760 1.824 1.877 1.924 1.985 2.041 2.060 2.064 2.036 2.006 1.968 1.902 1.768 1.746 3.424
6.500 110.000 -0.186 0.044 0.335 0.503 0.696 0.991 1.156 1.378 1.520 1.669 1.737 1.799 1.851 1.896 1.954 2.005 2.022 2.021 1.992 1.961 1.923 1.857 1.724 1.703 3.397
6.500 120.000 -0.200 0.029 0.319 0.487 0.679 0.973 1.138 1.359 1.500 1.648 1.715 1.775 1.826 1.869 1.924 1.971 1.985 1.981 1.950 1.918 1.881 1.814 1.683 1.662 3.372
6.500 130.000 -0.218 0.010 0.300 0.468 0.658 0.953 1.116 1.336 1.477 1.624 1.689 1.748 1.797 1.838 1.891 1.933 1.944 1.936 1.904 1.872 1.835 1.767 1.639 1.618 3.344
6.500 140.000 -0.236 -0.008 0.281 0.448 0.638 0.931 1.094 1.313 1.453 1.599 1.663 1.720 1.768 1.808 1.858 1.895 1.903 1.892 1.859 1.826 1.790 1.722 1.596 1.575 3.317
6.500 150.000 -0.253 -0.026 0.262 0.429 0.618 0.911 1.073 1.291 1.431 1.575 1.638 1.693 1.740 1.777 1.824 1.857 1.863 1.848 1.814 1.781 1.745 1.678 1.555 1.534 3.292
6.500 175.000 -0.295 -0.069 0.217 0.383 0.569 0.861 1.021 1.237 1.375 1.515 1.575 1.626 1.669 1.701 1.741 1.763 1.762 1.739 1.704 1.671 1.637 1.571 1.456 1.437 3.228
6.500 200.000 -0.334 -0.110 0.174 0.339 0.523 0.814 0.972 1.186 1.321 1.459 1.516 1.562 1.602 1.629 1.663 1.673 1.666 1.637 1.600 1.568 1.535 1.470 1.363 1.344 3.169
6.500 250.000 -0.408 -0.186 0.095 0.258 0.438 0.726 0.881 1.091 1.223 1.355 1.405 1.443 1.476 1.494 1.515 1.507 1.489 1.450 1.412 1.382 1.352 1.292 1.199 1.182 3.057
6.500 300.000 -0.472 -0.251 0.027 0.189 0.365 0.651 0.802 1.009 1.136 1.262 1.307 1.337 1.363 1.372 1.382 1.357 1.329 1.284 1.245 1.218 1.192 1.136 1.058 1.042 2.959
6.500 350.000 -0.524 -0.305 -0.030 0.130 0.303 0.586 0.733 0.937 1.060 1.179 1.217 1.239 1.257 1.257 1.255 1.214 1.177 1.129 1.091 1.067 1.046 0.996 0.932 0.918 2.874
6.500 400.000 -0.571 -0.353 -0.081 0.078 0.247 0.528 0.671 0.871 0.990 1.102 1.133 1.147 1.158 1.149 1.136 1.080 1.035 0.986 0.951 0.931 0.914 0.870 0.819 0.805 2.796
6.500 450.000 -0.619 -0.403 -0.133 0.025 0.190 0.469 0.608 0.805 0.920 1.025 1.051 1.056 1.060 1.043 1.021 0.952 0.901 0.853 0.819 0.803 0.790 0.752 0.712 0.699 2.720
6.500 500.000 -0.664 -0.449 -0.181 -0.025 0.137 0.414 0.550 0.743 0.854 0.953 0.972 0.970 0.968 0.942 0.911 0.830 0.773 0.728 0.697 0.684 0.675 0.642 0.613 0.600 2.649
6.500 600.000 -0.734 -0.521 -0.257 -0.103 0.051 0.324 0.452 0.635 0.736 0.818 0.822 0.801 0.782 0.738 0.686 0.587 0.517 0.489 0.468 0.467 0.467 0.448 0.439 0.427 2.522
6.500 700.000 -0.809 -0.598 -0.337 -0.185 -0.037 0.232 0.354 0.529 0.622 0.690 0.681 0.646 0.616 0.557 0.491 0.378 0.300 0.282 0.266 0.269 0.274 0.265 0.269 0.257 2.401
6.500 800.000 -0.870 -0.660 -0.402 -0.252 -0.110 0.155 0.269 0.435 0.519 0.571 0.550 0.500 0.456 0.384 0.304 0.180 0.096 0.092 0.082 0.090 0.098 0.102 0.116 0.103 2.295
6.500 1000.000 -1.001 -0.792 -0.537 -0.390 -0.260 -0.002 0.099 0.249 0.316 0.341 0.296 0.221 0.157 0.063 -0.039 -0.177 -0.276 -0.254 -0.256 -0.246 -0.235 -0.211 -0.180 -0.198 2.102
6.500 1200.000 -1.116 -0.908 -0.656 -0.512 -0.391 -0.142 -0.054 0.077 0.125 0.120 0.051 -0.050 -0.134 -0.249 -0.369 -0.520 -0.630 -0.587 -0.584 -0.576 -0.561 -0.522 -0.477 -0.497 1.916
6.500 1500.000 -1.283 -1.073 -0.824 -0.684 -0.578 -0.341 -0.275 -0.173 -0.155 -0.206 -0.309 -0.444 -0.557 -0.699 -0.841 -1.005 -1.134 -1.060 -1.050 -1.049 -1.033 -0.970 -0.909 -0.933 1.654
7.000 0.000 1.228 1.439 1.705 1.860 2.054 2.307 2.458 2.644 2.771 2.903 2.980 3.050 3.117 3.181 3.263 3.365 3.416 3.466 3.461 3.448 3.408 3.360 3.212 3.186 4.769
7.000 1.000 1.207 1.418 1.680 1.835 2.029 2.283 2.433 2.619 2.747 2.878 2.956 3.023 3.091 3.156 3.238 3.338 3.389 3.439 3.433 3.418 3.381 3.327 3.175 3.149 4.745
7.000 5.000 1.126 1.337 1.597 1.752 1.949 2.203 2.354 2.536 2.665 2.791 2.871 2.933 3.002 3.066 3.148 3.245 3.294 3.347 3.342 3.327 3.293 3.237 3.083 3.056 4.673
7.000 10.000 1.020 1.231 1.490 1.645 1.844 2.097 2.248 2.428 2.556 2.680 2.759 2.818 2.887 2.948 3.027 3.121 3.166 3.221 3.216 3.201 3.169 3.116 2.965 2.937 4.566
7.000 15.000 0.917 1.128 1.386 1.541 1.740 1.992 2.143 2.322 2.450 2.572 2.651 2.710 2.777 2.837 2.913 3.005 3.047 3.101 3.095 3.079 3.047 2.995 2.845 2.818 4.456
7.000 20.000 0.826 1.035 1.294 1.448 1.646 1.897 2.048 2.227 2.354 2.477 2.554 2.613 2.679 2.738 2.813 2.902 2.942 2.993 2.985 2.969 2.935 2.884 2.735 2.708 4.358
7.000 25.000 0.744 0.953 1.212 1.366 1.561 1.812 1.962 2.142 2.268 2.391 2.467 2.526 2.591 2.649 2.722 2.808 2.845 2.893 2.884 2.865 2.831 2.779 2.633 2.607 4.268
7.000 30.000 0.675 0.884 1.142 1.295 1.488 1.739 1.888 2.068 2.194 2.318 2.393 2.452 2.516 2.572 2.644 2.728 2.762 2.806 2.795 2.776 2.741 2.688 2.544 2.518 4.191
7.000 40.000 0.558 0.765 1.023 1.175 1.364 1.615 1.762 1.943 2.069 2.193 2.267 2.327 2.389 2.443 2.512 2.592 2.623 2.662 2.648 2.626 2.590 2.535 2.394 2.369 4.063
7.000 50.000 0.465 0.672 0.929 1.081 1.266 1.517 1.663 1.844 1.970 2.095 2.166 2.227 2.287 2.339 2.407 2.484 2.511 2.545 2.529 2.505 2.469 2.413 2.274 2.249 3.962
7.000 60.000 0.411 0.617 0.874 1.025 1.208 1.459 1.604 1.785 1.910 2.035 2.106 2.166 2.226 2.276 2.341 2.415 2.440 2.470 2.451 2.428 2.390 2.334 2.196 2.171 3.898
7.000 70.000 0.376 0.581 0.836 0.987 1.167 1.419 1.562 1.744 1.868 1.994 2.064 2.123 2.182 2.232 2.295 2.366 2.390 2.412 2.390 2.366 2.326 2.268 2.130 2.105 3.846
7.000 80.000 0.355 0.559 0.813 0.963 1.141 1.393 1.535 1.717 1.841 1.966 2.035 2.093 2.151 2.199 2.261 2.328 2.350 2.366 2.343 2.317 2.277 2.216 2.078 2.055 3.808
7.000 90.000 0.337 0.541 0.793 0.943 1.119 1.371 1.512 1.694 1.817 1.942 2.010 2.067 2.123 2.170 2.230 2.292 2.312 2.324 2.299 2.272 2.232 2.170 2.033 2.009 3.776
7.000 100.000 0.321 0.524 0.776 0.925 1.100 1.352 1.492 1.673 1.796 1.920 1.987 2.042 2.098 2.143 2.201 2.259 2.277 2.284 2.257 2.229 2.189 2.126 1.991 1.967 3.747
7.000 110.000 0.307 0.509 0.760 0.908 1.082 1.334 1.473 1.653 1.776 1.899 1.965 2.018 2.073 2.116 2.172 2.225 2.240 2.243 2.215 2.186 2.146 2.082 1.949 1.926 3.722
7.000 120.000 0.292 0.494 0.743 0.892 1.064 1.316 1.454 1.634 1.756 1.878 1.943 1.994 2.048 2.090 2.143 2.191 2.205 2.203 2.173 2.144 2.105 2.040 1.909 1.886 3.698
7.000 130.000 0.275 0.476 0.725 0.873 1.045 1.296 1.433 1.612 1.734 1.855 1.919 1.969 2.021 2.061 2.111 2.155 2.166 2.161 2.129 2.100 2.061 1.996 1.867 1.845 3.672
7.000 140.000 0.258 0.459 0.707 0.855 1.026 1.276 1.413 1.591 1.712 1.832 1.895 1.943 1.994 2.032 2.080 2.120 2.127 2.119 2.087 2.057 2.019 1.953 1.827 1.805 3.647
7.000 150.000 0.242 0.442 0.689 0.837 1.007 1.257 1.393 1.571 1.691 1.810 1.871 1.918 1.967 2.003 2.048 2.083 2.088 2.076 2.043 2.014 1.976 1.911 1.787 1.766 3.624
7.000 175.000 0.201 0.400 0.645 0.792 0.959 1.209 1.342 1.519 1.637 1.753 1.811 1.853 1.899 1.930 1.969 1.993 1.992 1.972 1.937 1.909 1.872 1.808 1.694 1.673 3.566
7.000 200.000 0.162 0.360 0.603 0.749 0.915 1.163 1.295 1.470 1.587 1.699 1.755 1.793 1.835 1.862 1.894 1.909 1.901 1.876 1.840 1.811 1.776 1.714 1.606 1.586 3.511
7.000 250.000 0.090 0.286 0.527 0.671 0.833 1.079 1.208 1.379 1.493 1.600 1.649 1.680 1.715 1.733 1.754 1.750 1.732 1.698 1.660 1.635 1.603 1.545 1.453 1.434 3.407
7.000 300.000 0.032 0.227 0.465 0.608 0.766 1.010 1.136 1.304 1.414 1.515 1.558 1.581 1.610 1.618 1.627 1.606 1.579 1.539 1.503 1.480 1.453 1.400 1.323 1.306 3.320
7.000 350.000 -0.018 0.175 0.410 0.552 0.706 0.949 1.070 1.235 1.341 1.436 1.472 1.487 1.508 1.507 1.505 1.468 1.432 1.390 1.354 1.336 1.313 1.266 1.204 1.188 3.242
7.000 400.000 -0.065 0.127 0.360 0.500 0.651 0.891 1.010 1.171 1.273 1.361 1.392 1.398 1.412 1.403 1.390 1.340 1.296 1.254 1.221 1.207 1.189 1.148 1.099 1.084 3.171
7.000 450.000 -0.112 0.078 0.310 0.449 0.597 0.835 0.950 1.108 1.206 1.288 1.312 1.311 1.319 1.301 1.278 1.216 1.166 1.126 1.095 1.085 1.070 1.036 0.998 0.983 3.102
7.000 500.000 -0.155 0.035 0.265 0.403 0.547 0.784 0.895 1.050 1.144 1.219 1.237 1.229 1.230 1.204 1.172 1.099 1.043 1.007 0.979 0.973 0.962 0.934 0.906 0.892 3.036
7.000 600.000 -0.224 -0.036 0.191 0.326 0.464 0.697 0.801 0.947 1.031 1.089 1.092 1.066 1.050 1.006 0.955 0.864 0.798 0.777 0.759 0.764 0.762 0.746 0.738 0.725 2.919
7.000 700.000 -0.296 -0.109 0.115 0.249 0.381 0.610 0.708 0.846 0.922 0.967 0.958 0.918 0.891 0.832 0.766 0.663 0.590 0.580 0.566 0.576 0.578 0.573 0.577 0.564 2.807
7.000 800.000 -0.355 -0.170 0.052 0.184 0.310 0.535 0.626 0.756 0.822 0.852 0.830 0.776 0.736 0.665 0.586 0.474 0.394 0.398 0.391 0.405 0.411 0.417 0.432 0.417 2.708
7.000 1000.000 -0.481 -0.297 -0.078 0.051 0.167 0.384 0.463 0.577 0.626 0.629 0.584 0.505 0.446 0.354 0.254 0.130 0.038 0.067 0.067 0.082 0.091 0.117 0.148 0.129 2.532
7.000 1200.000 -0.590 -0.406 -0.190 -0.063 0.042 0.251 0.316 0.411 0.442 0.415 0.347 0.244 0.165 0.053 -0.063 -0.197 -0.300 -0.249 -0.244 -0.230 -0.218 -0.176 -0.133 -0.155 2.358
7.000 1500.000 -0.747 -0.562 -0.349 -0.227 -0.138 0.059 0.103 0.169 0.171 0.101 -0.001 -0.136 -0.241 -0.378 -0.513 -0.657 -0.777 -0.697 -0.686 -0.679 -0.667 -0.603 -0.544 -0.571 2.114
7.500 0.000 1.521 1.702 1.928 2.060 2.229 2.440 2.566 2.720 2.830 2.945 3.020 3.086 3.152 3.214 3.293 3.394 3.445 3.492 3.486 3.473 3.433 3.384 3.237 3.211 4.889
7.500 1.000 1.502 1.683 1.906 2.039 2.209 2.420 2.546 2.699 2.810 2.923 2.999 3.063 3.130 3.192 3.272 3.371 3.422 3.469 3.462 3.448 3.409 3.356 3.205 3.179 4.868
7.500 5.000 1.437 1.618 1.839 1.972 2.145 2.356 2.483 2.632 2.744 2.853 2.930 2.990 3.058 3.119 3.198 3.295 3.343 3.393 3.386 3.371 3.335 3.281 3.127 3.100 4.813
7.500 10.000 1.350 1.531 1.751 1.884 2.060 2.270 2.397 2.544 2.656 2.762 2.840 2.896 2.965 3.025 3.100 3.196 3.240 3.294 3.288 3.273 3.238 3.186 3.032 3.005 4.730
7.500 15.000 1.266 1.447 1.666 1.799 1.976 2.185 2.313 2.459 2.571 2.675 2.752 2.807 2.876 2.934 3.007 3.101 3.143 3.197 3.191 3.176 3.141 3.091 2.937 2.909 4.644
7.500 20.000 1.190 1.371 1.590 1.723 1.899 2.108 2.235 2.381 2.492 2.595 2.672 2.727 2.794 2.851 2.923 3.015 3.054 3.106 3.099 3.083 3.047 2.997 2.845 2.817 4.567
7.500 25.000 1.122 1.302 1.521 1.653 1.828 2.037 2.164 2.309 2.421 2.524 2.600 2.655 2.722 2.778 2.848 2.938 2.975 3.025 3.016 2.999 2.963 2.912 2.760 2.732 4.496
7.500 30.000 1.061 1.240 1.459 1.591 1.764 1.973 2.099 2.245 2.356 2.460 2.535 2.590 2.656 2.711 2.780 2.869 2.904 2.951 2.941 2.923 2.886 2.834 2.683 2.656 4.432
7.500 40.000 0.957 1.135 1.353 1.485 1.654 1.863 1.988 2.135 2.245 2.350 2.424 2.479 2.544 2.597 2.665 2.749 2.781 2.824 2.811 2.791 2.753 2.701 2.554 2.526 4.325
7.500 50.000 0.878 1.055 1.273 1.404 1.570 1.779 1.902 2.049 2.160 2.266 2.338 2.393 2.456 2.507 2.573 2.654 2.683 2.721 2.706 2.686 2.647 2.594 2.449 2.422 4.242
7.500 60.000 0.828 1.005 1.222 1.352 1.517 1.726 1.848 1.996 2.106 2.212 2.283 2.338 2.400 2.450 2.513 2.592 2.618 2.653 2.636 2.615 2.575 2.521 2.378 2.351 4.184
7.500 70.000 0.798 0.974 1.189 1.319 1.481 1.691 1.812 1.960 2.069 2.176 2.246 2.301 2.362 2.412 2.473 2.549 2.574 2.601 2.581 2.560 2.518 2.462 2.320 2.293 4.138
7.500 80.000 0.778 0.954 1.168 1.297 1.457 1.667 1.787 1.935 2.045 2.151 2.220 2.274 2.334 2.382 2.443 2.514 2.538 2.559 2.537 2.514 2.472 2.415 2.272 2.247 4.103
7.500 90.000 0.762 0.937 1.150 1.279 1.438 1.648 1.766 1.914 2.024 2.129 2.198 2.250 2.310 2.356 2.415 2.482 2.503 2.520 2.497 2.473 2.430 2.371 2.230 2.205 4.075
7.500 100.000 0.747 0.922 1.134 1.262 1.420 1.630 1.748 1.895 2.004 2.109 2.177 2.227 2.286 2.331 2.388 2.451 2.471 2.483 2.458 2.433 2.391 2.330 2.191 2.166 4.049
7.500 110.000 0.732 0.906 1.117 1.246 1.402 1.612 1.729 1.876 1.985 2.089 2.155 2.204 2.262 2.306 2.360 2.419 2.436 2.443 2.417 2.391 2.349 2.288 2.150 2.126 4.025
7.500 120.000 0.719 0.892 1.102 1.231 1.385 1.595 1.711 1.858 1.966 2.070 2.135 2.183 2.239 2.281 2.333 2.388 2.402 2.406 2.377 2.351 2.309 2.247 2.112 2.087 4.004
7.500 130.000 0.702 0.876 1.085 1.213 1.367 1.577 1.692 1.838 1.946 2.049 2.113 2.159 2.214 2.254 2.304 2.354 2.366 2.366 2.336 2.310 2.268 2.206 2.073 2.049 3.981
7.500 140.000 0.686 0.859 1.067 1.195 1.348 1.558 1.673 1.818 1.925 2.027 2.090 2.135 2.189 2.227 2.274 2.320 2.330 2.326 2.295 2.269 2.228 2.165 2.035 2.011 3.958
7.500 150.000 0.669 0.842 1.050 1.177 1.329 1.539 1.652 1.798 1.904 2.005 2.067 2.110 2.162 2.199 2.244 2.285 2.292 2.285 2.253 2.227 2.187 2.124 1.997 1.974 3.938
7.500 175.000 0.629 0.801 1.007 1.133 1.283 1.492 1.604 1.748 1.853 1.951 2.011 2.049 2.098 2.131 2.169 2.200 2.201 2.186 2.153 2.127 2.088 2.026 1.908 1.886 3.885
7.500 200.000 0.590 0.761 0.966 1.092 1.240 1.448 1.559 1.702 1.805 1.901 1.957 1.992 2.038 2.066 2.098 2.120 2.115 2.095 2.060 2.035 1.998 1.937 1.827 1.805 3.835
7.500 250.000 0.524 0.693 0.895 1.020 1.165 1.372 1.479 1.619 1.719 1.809 1.860 1.887 1.926 1.945 1.966 1.970 1.954 1.926 1.890 1.868 1.835 1.779 1.686 1.666 3.741
7.500 300.000 0.471 0.638 0.838 0.962 1.103 1.308 1.413 1.550 1.647 1.731 1.775 1.795 1.827 1.837 1.845 1.832 1.807 1.774 1.738 1.721 1.691 1.641 1.564 1.545 3.663
7.500 350.000 0.421 0.587 0.785 0.908 1.045 1.249 1.350 1.484 1.577 1.655 1.694 1.705 1.730 1.731 1.729 1.701 1.668 1.632 1.598 1.585 1.560 1.517 1.454 1.437 3.591
7.500 400.000 0.376 0.541 0.737 0.859 0.993 1.195 1.293 1.424 1.513 1.585 1.617 1.621 1.639 1.631 1.618 1.577 1.537 1.501 1.470 1.462 1.441 1.404 1.355 1.339 3.526
7.500 450.000 0.331 0.496 0.690 0.811 0.942 1.143 1.237 1.365 1.451 1.516 1.542 1.539 1.550 1.533 1.511 1.458 1.412 1.379 1.351 1.347 1.330 1.299 1.262 1.246 3.461
7.500 500.000 0.290 0.454 0.647 0.767 0.895 1.094 1.186 1.310 1.392 1.451 1.470 1.459 1.464 1.439 1.408 1.345 1.294 1.264 1.239 1.239 1.227 1.202 1.175 1.159 3.401
7.500 600.000 0.221 0.384 0.575 0.692 0.814 1.009 1.094 1.210 1.282 1.325 1.330 1.302 1.291 1.249 1.198 1.118 1.057 1.042 1.026 1.036 1.032 1.020 1.012 0.998 3.293
7.500 700.000 0.152 0.314 0.503 0.619 0.736 0.927 1.006 1.115 1.179 1.209 1.201 1.160 1.138 1.082 1.017 0.926 0.858 0.854 0.843 0.858 0.858 0.856 0.860 0.845 3.190
7.500 800.000 0.094 0.254 0.442 0.556 0.666 0.854 0.926 1.027 1.082 1.097 1.077 1.022 0.988 0.919 0.842 0.742 0.669 0.679 0.674 0.693 0.696 0.705 0.719 0.703 3.098
7.500 1000.000 -0.027 0.133 0.318 0.429 0.529 0.709 0.769 0.854 0.892 0.880 0.837 0.758 0.704 0.616 0.519 0.409 0.324 0.358 0.359 0.380 0.386 0.413 0.443 0.423 2.937
7.500 1200.000 -0.130 0.029 0.212 0.320 0.409 0.582 0.628 0.695 0.714 0.674 0.608 0.506 0.435 0.329 0.216 0.099 0.005 0.061 0.068 0.086 0.095 0.137 0.178 0.155 2.775
7.500 1500.000 -0.279 -0.119 0.060 0.164 0.235 0.395 0.420 0.459 0.449 0.366 0.268 0.136 0.039 -0.090 -0.219 -0.345 -0.458 -0.373 -0.362 -0.351 -0.343 -0.277 -0.221 -0.249 2.549
7.800 0.000 1.667 1.831 2.034 2.154 2.310 2.497 2.611 2.749 2.851 2.958 3.033 3.098 3.164 3.225 3.303 3.404 3.455 3.502 3.496 3.483 3.442 3.393 3.244 3.218 4.958
7.800 1.000 1.650 1.813 2.014 2.134 2.291 2.479 2.593 2.729 2.833 2.938 3.014 3.076 3.144 3.205 3.283 3.383 3.434 3.480 3.473 3.458 3.419 3.365 3.212 3.187 4.937
7.800 5.000 1.590 1.754 1.953 2.073 2.234 2.421 2.535 2.669 2.773 2.874 2.951 3.010 3.079 3.139 3.216 3.314 3.362 3.411 3.404 3.389 3.351 3.297 3.140 3.114 4.888
7.800 10.000 1.515 1.678 1.876 1.997 2.160 2.346 2.462 2.593 2.698 2.795 2.873 2.928 2.997 3.056 3.130 3.227 3.272 3.325 3.319 3.304 3.268 3.217 3.060 3.032 4.820
7.800 15.000 1.440 1.604 1.801 1.922 2.087 2.272 2.389 2.518 2.623 2.719 2.796 2.850 2.919 2.977 3.049 3.145 3.187 3.242 3.236 3.221 3.184 3.135 2.978 2.949 4.748
7.800 20.000 1.373 1.536 1.733 1.854 2.019 2.203 2.320 2.449 2.553 2.648 2.725 2.779 2.847 2.904 2.974 3.069 3.109 3.162 3.156 3.140 3.103 3.053 2.897 2.868 4.682
7.800 25.000 1.311 1.474 1.671 1.791 1.955 2.140 2.256 2.385 2.489 2.584 2.661 2.714 2.782 2.838 2.907 3.000 3.038 3.090 3.082 3.066 3.028 2.978 2.822 2.793 4.621
7.800 30.000 1.256 1.419 1.615 1.735 1.898 2.083 2.198 2.327 2.431 2.527 2.602 2.656 2.723 2.778 2.847 2.938 2.974 3.024 3.015 2.998 2.960 2.910 2.755 2.726 4.566
7.800 40.000 1.159 1.321 1.517 1.637 1.796 1.981 2.095 2.225 2.328 2.425 2.499 2.553 2.619 2.672 2.739 2.827 2.860 2.906 2.894 2.876 2.837 2.785 2.634 2.606 4.468
7.800 50.000 1.086 1.247 1.443 1.562 1.719 1.904 2.017 2.147 2.250 2.347 2.420 2.474 2.539 2.591 2.656 2.741 2.772 2.813 2.799 2.780 2.740 2.688 2.538 2.510 4.393
7.800 60.000 1.039 1.200 1.394 1.513 1.668 1.853 1.966 2.096 2.199 2.296 2.369 2.422 2.486 2.537 2.600 2.683 2.711 2.749 2.733 2.713 2.672 2.619 2.471 2.443 4.340
7.800 70.000 1.011 1.171 1.364 1.482 1.635 1.821 1.932 2.063 2.166 2.264 2.335 2.388 2.451 2.501 2.563 2.642 2.670 2.700 2.682 2.661 2.618 2.563 2.415 2.389 4.297
7.800 80.000 0.993 1.152 1.344 1.462 1.613 1.799 1.909 2.040 2.143 2.241 2.311 2.363 2.426 2.474 2.534 2.610 2.635 2.660 2.640 2.618 2.575 2.517 2.370 2.344 4.265
7.800 90.000 0.977 1.136 1.327 1.445 1.594 1.780 1.889 2.021 2.123 2.220 2.290 2.341 2.402 2.450 2.508 2.580 2.603 2.623 2.601 2.578 2.534 2.476 2.330 2.304 4.237
7.800 100.000 0.962 1.121 1.311 1.429 1.577 1.763 1.871 2.002 2.104 2.201 2.270 2.320 2.380 2.426 2.483 2.551 2.572 2.588 2.564 2.540 2.496 2.436 2.292 2.266 4.211
7.800 110.000 0.948 1.106 1.295 1.412 1.559 1.746 1.853 1.984 2.085 2.182 2.249 2.298 2.357 2.401 2.456 2.519 2.539 2.549 2.524 2.499 2.456 2.395 2.252 2.227 4.189
7.800 120.000 0.934 1.091 1.280 1.397 1.543 1.730 1.836 1.966 2.068 2.163 2.230 2.276 2.335 2.378 2.430 2.489 2.506 2.513 2.486 2.460 2.417 2.355 2.215 2.190 4.168
7.800 130.000 0.918 1.075 1.264 1.380 1.525 1.712 1.817 1.947 2.048 2.143 2.208 2.253 2.310 2.352 2.402 2.457 2.471 2.474 2.446 2.420 2.377 2.315 2.178 2.153 4.146
7.800 140.000 0.902 1.059 1.247 1.363 1.507 1.694 1.799 1.928 2.028 2.122 2.187 2.230 2.286 2.326 2.373 2.424 2.436 2.435 2.406 2.380 2.338 2.275 2.141 2.117 4.125
7.800 150.000 0.886 1.043 1.230 1.346 1.489 1.675 1.779 1.909 2.008 2.101 2.165 2.207 2.261 2.299 2.344 2.390 2.400 2.396 2.365 2.339 2.298 2.235 2.104 2.081 4.106
7.800 175.000 0.847 1.003 1.188 1.304 1.445 1.631 1.733 1.862 1.960 2.050 2.111 2.149 2.200 2.234 2.273 2.309 2.312 2.301 2.268 2.243 2.203 2.141 2.019 1.996 4.056
7.800 200.000 0.810 0.965 1.149 1.264 1.404 1.589 1.690 1.817 1.914 2.002 2.060 2.094 2.143 2.172 2.205 2.232 2.230 2.212 2.178 2.154 2.115 2.055 1.940 1.918 4.007
7.800 250.000 0.745 0.899 1.081 1.194 1.331 1.515 1.613 1.737 1.831 1.913 1.965 1.992 2.033 2.053 2.075 2.083 2.071 2.045 2.011 1.990 1.956 1.901 1.806 1.786 3.924
7.800 300.000 0.692 0.844 1.024 1.137 1.270 1.453 1.548 1.669 1.760 1.836 1.882 1.901 1.935 1.946 1.957 1.948 1.926 1.895 1.861 1.845 1.815 1.766 1.687 1.669 3.848
7.800 350.000 0.643 0.794 0.972 1.084 1.214 1.395 1.487 1.606 1.693 1.763 1.803 1.814 1.841 1.844 1.843 1.820 1.790 1.757 1.724 1.713 1.687 1.644 1.581 1.564 3.781
7.800 400.000 0.599 0.749 0.926 1.037 1.163 1.343 1.432 1.548 1.631 1.696 1.729 1.733 1.753 1.747 1.736 1.700 1.663 1.630 1.600 1.594 1.572 1.536 1.487 1.470 3.721
7.800 450.000 0.555 0.705 0.880 0.990 1.113 1.292 1.378 1.491 1.571 1.629 1.656 1.653 1.666 1.652 1.631 1.584 1.540 1.510 1.483 1.481 1.463 1.433 1.396 1.380 3.660
7.800 500.000 0.515 0.664 0.838 0.947 1.067 1.245 1.328 1.438 1.514 1.566 1.587 1.576 1.583 1.561 1.531 1.473 1.424 1.397 1.373 1.374 1.361 1.336 1.309 1.293 3.605
7.800 600.000 0.448 0.596 0.768 0.876 0.990 1.164 1.240 1.342 1.408 1.445 1.451 1.424 1.415 1.375 1.326 1.253 1.195 1.182 1.167 1.179 1.175 1.163 1.155 1.140 3.501
7.800 700.000 0.380 0.528 0.698 0.804 0.913 1.084 1.154 1.249 1.307 1.330 1.325 1.284 1.264 1.211 1.148 1.063 0.998 0.997 0.987 1.004 1.003 1.002 1.006 0.991 3.405
7.800 800.000 0.324 0.471 0.640 0.744 0.846 1.013 1.077 1.164 1.213 1.221 1.202 1.148 1.116 1.051 0.975 0.882 0.812 0.825 0.820 0.841 0.844 0.853 0.868 0.851 3.316
7.800 1000.000 0.208 0.353 0.520 0.621 0.713 0.873 0.924 0.995 1.026 1.007 0.966 0.887 0.836 0.751 0.656 0.553 0.472 0.509 0.512 0.534 0.540 0.567 0.597 0.577 3.167
7.800 1200.000 0.106 0.251 0.415 0.514 0.594 0.747 0.784 0.838 0.852 0.806 0.743 0.643 0.576 0.474 0.365 0.255 0.165 0.222 0.229 0.249 0.256 0.298 0.338 0.315 3.011
7.800 1500.000 -0.039 0.106 0.267 0.361 0.424 0.564 0.580 0.606 0.592 0.505 0.410 0.281 0.189 0.064 -0.060 -0.178 -0.287 -0.202 -0.191 -0.179 -0.173 -0.107 -0.053 -0.082 2.796
8.000 0.000 1.754 1.906 2.095 2.207 2.355 2.527 2.635 2.763 2.861 2.963 3.038 3.103 3.169 3.230 3.307 3.409 3.460 3.506 3.500 3.488 3.446 3.397 3.247 3.220 5.003
8.000 1.000 1.736 1.888 2.075 2.187 2.336 2.509 2.616 2.743 2.843 2.944 3.019 3.081 3.150 3.210 3.287 3.388 3.440 3.485 3.478 3.463 3.424 3.370 3.215 3.189 4.982
8.000 5.000 1.680 1.832 2.017 2.129 2.282 2.454 2.562 2.687 2.787 2.884 2.961 3.019 3.088 3.147 3.224 3.323 3.372 3.420 3.413 3.397 3.359 3.304 3.146 3.120 4.935
8.000 10.000 1.612 1.764 1.948 2.061 2.217 2.388 2.497 2.619 2.719 2.813 2.890 2.946 3.015 3.073 3.146 3.244 3.289 3.342 3.336 3.321 3.284 3.233 3.075 3.047 4.877
8.000 15.000 1.544 1.696 1.880 1.993 2.151 2.321 2.431 2.551 2.651 2.743 2.820 2.874 2.944 3.000 3.072 3.169 3.212 3.266 3.260 3.245 3.208 3.158 2.999 2.970 4.813
8.000 20.000 1.482 1.634 1.817 1.930 2.088 2.258 2.368 2.487 2.587 2.678 2.755 2.809 2.878 2.934 3.003 3.100 3.140 3.194 3.188 3.172 3.135 3.086 2.927 2.898 4.754
8.000 25.000 1.425 1.577 1.760 1.872 2.030 2.200 2.309 2.429 2.528 2.619 2.696 2.749 2.817 2.872 2.941 3.036 3.074 3.127 3.120 3.104 3.066 3.017 2.859 2.830 4.700
8.000 30.000 1.374 1.525 1.708 1.820 1.976 2.146 2.255 2.375 2.475 2.566 2.642 2.695 2.762 2.817 2.885 2.978 3.015 3.067 3.059 3.042 3.003 2.954 2.797 2.768 4.650
8.000 40.000 1.282 1.432 1.614 1.726 1.879 2.050 2.157 2.278 2.377 2.469 2.544 2.597 2.663 2.716 2.783 2.873 2.907 2.954 2.944 2.926 2.886 2.836 2.682 2.653 4.558
8.000 50.000 1.213 1.363 1.545 1.657 1.808 1.978 2.085 2.206 2.305 2.397 2.470 2.524 2.589 2.641 2.705 2.793 2.825 2.868 2.856 2.837 2.796 2.745 2.592 2.564 4.488
8.000 60.000 1.168 1.317 1.498 1.609 1.759 1.929 2.036 2.157 2.255 2.348 2.421 2.474 2.539 2.589 2.652 2.737 2.767 2.807 2.792 2.773 2.731 2.679 2.527 2.500 4.439
8.000 70.000 1.141 1.290 1.470 1.581 1.728 1.899 2.004 2.126 2.224 2.317 2.389 2.442 2.506 2.556 2.617 2.699 2.728 2.760 2.743 2.723 2.680 2.626 2.475 2.447 4.399
8.000 80.000 1.124 1.272 1.451 1.562 1.707 1.878 1.982 2.104 2.203 2.296 2.367 2.418 2.481 2.530 2.590 2.668 2.695 2.722 2.703 2.681 2.638 2.581 2.431 2.404 4.367
8.000 90.000 1.108 1.256 1.434 1.544 1.689 1.860 1.963 2.085 2.183 2.276 2.346 2.397 2.459 2.507 2.565 2.639 2.664 2.686 2.665 2.642 2.599 2.541 2.392 2.365 4.340
8.000 100.000 1.094 1.242 1.419 1.529 1.672 1.843 1.946 2.067 2.165 2.258 2.327 2.376 2.438 2.484 2.541 2.611 2.634 2.652 2.629 2.605 2.561 2.502 2.354 2.328 4.315
8.000 110.000 1.079 1.227 1.403 1.513 1.654 1.826 1.928 2.049 2.147 2.238 2.307 2.355 2.415 2.460 2.514 2.581 2.601 2.615 2.590 2.566 2.522 2.462 2.316 2.290 4.293
8.000 120.000 1.066 1.213 1.388 1.498 1.638 1.810 1.911 2.032 2.129 2.220 2.288 2.334 2.393 2.437 2.489 2.551 2.570 2.579 2.553 2.528 2.484 2.423 2.279 2.254 4.272
8.000 130.000 1.050 1.197 1.372 1.481 1.621 1.793 1.893 2.014 2.111 2.201 2.267 2.312 2.370 2.411 2.462 2.519 2.535 2.541 2.513 2.488 2.445 2.383 2.242 2.218 4.252
8.000 140.000 1.035 1.181 1.355 1.465 1.604 1.776 1.875 1.995 2.091 2.181 2.246 2.289 2.346 2.386 2.434 2.487 2.501 2.503 2.474 2.448 2.406 2.344 2.206 2.182 4.231
8.000 150.000 1.019 1.165 1.339 1.448 1.586 1.758 1.857 1.977 2.072 2.161 2.225 2.267 2.322 2.361 2.406 2.455 2.467 2.465 2.435 2.410 2.367 2.305 2.171 2.147 4.213
8.000 175.000 0.980 1.126 1.298 1.407 1.543 1.715 1.812 1.930 2.025 2.111 2.172 2.210 2.263 2.297 2.336 2.376 2.381 2.372 2.340 2.316 2.275 2.214 2.089 2.066 4.164
8.000 200.000 0.944 1.089 1.260 1.368 1.503 1.674 1.770 1.887 1.981 2.064 2.123 2.158 2.207 2.237 2.271 2.301 2.300 2.285 2.252 2.228 2.188 2.129 2.011 1.989 4.117
8.000 250.000 0.882 1.025 1.194 1.301 1.432 1.602 1.695 1.810 1.900 1.978 2.031 2.057 2.100 2.121 2.143 2.154 2.143 2.119 2.086 2.066 2.031 1.977 1.880 1.860 4.039
8.000 300.000 0.827 0.970 1.137 1.243 1.371 1.540 1.630 1.742 1.829 1.901 1.948 1.967 2.002 2.014 2.025 2.020 2.000 1.971 1.938 1.922 1.892 1.844 1.764 1.746 3.967
8.000 350.000 0.779 0.921 1.086 1.191 1.316 1.484 1.571 1.681 1.764 1.831 1.871 1.883 1.911 1.914 1.915 1.895 1.866 1.835 1.804 1.794 1.768 1.726 1.662 1.645 3.904
8.000 400.000 0.735 0.876 1.040 1.145 1.266 1.433 1.517 1.624 1.704 1.764 1.799 1.803 1.824 1.819 1.809 1.776 1.741 1.711 1.682 1.676 1.655 1.619 1.570 1.553 3.846
8.000 450.000 0.692 0.833 0.996 1.099 1.217 1.384 1.464 1.569 1.645 1.699 1.728 1.725 1.739 1.726 1.706 1.662 1.620 1.592 1.565 1.564 1.546 1.516 1.478 1.462 3.789
8.000 500.000 0.653 0.793 0.954 1.057 1.172 1.337 1.415 1.517 1.589 1.637 1.659 1.649 1.657 1.636 1.607 1.553 1.505 1.480 1.456 1.458 1.445 1.421 1.393 1.378 3.736
8.000 600.000 0.588 0.727 0.887 0.988 1.097 1.259 1.329 1.423 1.486 1.519 1.526 1.499 1.492 1.454 1.406 1.336 1.280 1.269 1.255 1.269 1.264 1.252 1.244 1.230 3.635
8.000 700.000 0.521 0.659 0.818 0.918 1.021 1.180 1.245 1.331 1.386 1.406 1.401 1.361 1.343 1.291 1.230 1.148 1.086 1.087 1.077 1.096 1.095 1.094 1.098 1.083 3.543
8.000 800.000 0.465 0.603 0.760 0.858 0.955 1.110 1.169 1.248 1.294 1.299 1.282 1.228 1.199 1.135 1.060 0.971 0.902 0.915 0.910 0.931 0.933 0.943 0.958 0.941 3.457
8.000 1000.000 0.352 0.488 0.644 0.739 0.825 0.973 1.019 1.082 1.111 1.089 1.049 0.971 0.923 0.840 0.747 0.648 0.570 0.607 0.609 0.632 0.638 0.665 0.693 0.673 3.314
8.000 1200.000 0.251 0.387 0.540 0.633 0.708 0.849 0.881 0.927 0.938 0.889 0.828 0.729 0.665 0.565 0.458 0.353 0.266 0.323 0.330 0.351 0.357 0.399 0.438 0.414 3.164
8.000 1500.000 0.109 0.244 0.394 0.481 0.539 0.667 0.679 0.698 0.682 0.593 0.502 0.376 0.289 0.168 0.045 -0.068 -0.174 -0.091 -0.082 -0.070 -0.063 0.000 0.052 0.024 2.956
8.200 0.000 1.835 1.976 2.151 2.256 2.397 2.556 2.657 2.777 2.871 2.969 3.043 3.106 3.173 3.232 3.307 3.408 3.459 3.504 3.498 3.486 3.445 3.396 3.247 3.221 5.046
8.200 1.000 1.816 1.957 2.130 2.235 2.377 2.536 2.637 2.756 2.851 2.948 3.023 3.085 3.153 3.211 3.288 3.388 3.439 3.484 3.477 3.462 3.423 3.369 3.215 3.189 5.022
8.200 5.000 1.762 1.903 2.075 2.180 2.325 2.484 2.586 2.702 2.798 2.891 2.968 3.026 3.095 3.153 3.229 3.328 3.377 3.424 3.417 3.401 3.363 3.308 3.150 3.123 4.978
8.200 10.000 1.702 1.843 2.014 2.119 2.268 2.426 2.529 2.642 2.739 2.829 2.906 2.961 3.030 3.087 3.160 3.258 3.303 3.355 3.349 3.334 3.296 3.246 3.087 3.059 4.930
8.200 15.000 1.640 1.782 1.952 2.058 2.209 2.366 2.470 2.582 2.678 2.766 2.843 2.897 2.966 3.022 3.092 3.190 3.233 3.287 3.281 3.266 3.228 3.179 3.019 2.989 4.875
8.200 20.000 1.583 1.724 1.894 2.000 2.151 2.308 2.412 2.523 2.619 2.706 2.783 2.836 2.905 2.960 3.029 3.126 3.166 3.221 3.215 3.199 3.161 3.113 2.952 2.923 4.823
8.200 25.000 1.532 1.673 1.842 1.948 2.099 2.255 2.359 2.470 2.566 2.653 2.729 2.782 2.850 2.905 2.972 3.068 3.107 3.161 3.154 3.139 3.100 3.053 2.893 2.864 4.775
8.200 30.000 1.484 1.625 1.794 1.899 2.049 2.206 2.309 2.420 2.516 2.603 2.679 2.732 2.799 2.853 2.920 3.015 3.052 3.105 3.098 3.082 3.043 2.995 2.837 2.807 4.731
8.200 40.000 1.397 1.537 1.706 1.811 1.958 2.115 2.217 2.329 2.424 2.512 2.587 2.639 2.706 2.759 2.824 2.916 2.950 2.999 2.990 2.972 2.933 2.884 2.727 2.699 4.646
8.200 50.000 1.333 1.473 1.641 1.746 1.892 2.048 2.150 2.262 2.357 2.445 2.519 2.571 2.637 2.688 2.752 2.841 2.873 2.919 2.907 2.890 2.849 2.799 2.644 2.615 4.581
8.200 60.000 1.288 1.428 1.596 1.700 1.845 2.001 2.103 2.215 2.310 2.397 2.471 2.523 2.589 2.639 2.701 2.788 2.818 2.860 2.847 2.829 2.786 2.736 2.581 2.553 4.535
8.200 70.000 1.264 1.403 1.570 1.673 1.816 1.973 2.073 2.186 2.281 2.369 2.442 2.494 2.558 2.608 2.668 2.752 2.781 2.816 2.800 2.781 2.738 2.685 2.531 2.504 4.497
8.200 80.000 1.247 1.386 1.552 1.655 1.796 1.954 2.053 2.166 2.260 2.349 2.421 2.471 2.535 2.584 2.642 2.723 2.750 2.779 2.761 2.740 2.697 2.642 2.489 2.462 4.467
8.200 90.000 1.232 1.370 1.535 1.638 1.778 1.936 2.034 2.147 2.242 2.330 2.401 2.450 2.513 2.561 2.618 2.695 2.720 2.745 2.725 2.703 2.659 2.602 2.451 2.424 4.440
8.200 100.000 1.218 1.356 1.520 1.623 1.762 1.920 2.017 2.130 2.224 2.312 2.382 2.431 2.493 2.539 2.595 2.668 2.692 2.712 2.690 2.667 2.623 2.565 2.414 2.388 4.416
8.200 110.000 1.203 1.341 1.504 1.607 1.744 1.903 1.999 2.112 2.206 2.293 2.362 2.410 2.471 2.516 2.570 2.638 2.660 2.676 2.652 2.629 2.584 2.525 2.377 2.351 4.394
8.200 120.000 1.190 1.327 1.490 1.592 1.729 1.887 1.983 2.095 2.189 2.276 2.344 2.390 2.450 2.493 2.545 2.610 2.629 2.640 2.615 2.591 2.547 2.487 2.341 2.315 4.374
8.200 130.000 1.175 1.312 1.474 1.576 1.712 1.870 1.965 2.077 2.171 2.256 2.324 2.368 2.427 2.468 2.518 2.578 2.595 2.603 2.577 2.552 2.509 2.448 2.305 2.280 4.354
8.200 140.000 1.159 1.296 1.458 1.560 1.695 1.853 1.948 2.059 2.152 2.237 2.303 2.346 2.404 2.444 2.491 2.547 2.562 2.566 2.538 2.513 2.470 2.409 2.269 2.245 4.334
8.200 150.000 1.145 1.281 1.442 1.545 1.678 1.837 1.930 2.042 2.134 2.218 2.283 2.325 2.381 2.420 2.464 2.517 2.529 2.529 2.500 2.476 2.433 2.372 2.236 2.212 4.317
8.200 175.000 1.106 1.242 1.402 1.504 1.636 1.794 1.886 1.997 2.088 2.169 2.232 2.269 2.323 2.357 2.396 2.439 2.445 2.439 2.408 2.384 2.343 2.283 2.155 2.132 4.270
8.200 200.000 1.071 1.206 1.365 1.466 1.597 1.755 1.846 1.955 2.045 2.124 2.184 2.218 2.269 2.299 2.333 2.366 2.366 2.354 2.321 2.298 2.258 2.199 2.080 2.058 4.224
8.200 250.000 1.010 1.145 1.301 1.402 1.529 1.686 1.774 1.880 1.967 2.041 2.094 2.120 2.163 2.185 2.207 2.221 2.211 2.189 2.157 2.138 2.103 2.050 1.952 1.932 4.151
8.200 300.000 0.955 1.089 1.244 1.344 1.467 1.624 1.709 1.813 1.897 1.965 2.012 2.031 2.067 2.080 2.091 2.089 2.070 2.043 2.011 1.997 1.967 1.919 1.839 1.821 4.082
8.200 350.000 0.908 1.040 1.194 1.293 1.413 1.569 1.651 1.753 1.833 1.895 1.937 1.948 1.977 1.981 1.982 1.965 1.938 1.910 1.880 1.871 1.845 1.804 1.740 1.723 4.023
8.200 400.000 0.865 0.997 1.149 1.247 1.364 1.519 1.598 1.697 1.774 1.830 1.866 1.869 1.892 1.887 1.878 1.848 1.815 1.787 1.759 1.755 1.734 1.699 1.650 1.633 3.968
8.200 450.000 0.823 0.954 1.105 1.203 1.317 1.471 1.547 1.643 1.716 1.767 1.796 1.793 1.809 1.796 1.777 1.736 1.696 1.669 1.643 1.643 1.625 1.596 1.558 1.542 3.915
8.200 500.000 0.784 0.915 1.065 1.162 1.273 1.426 1.499 1.592 1.662 1.706 1.729 1.719 1.728 1.707 1.679 1.628 1.582 1.558 1.535 1.539 1.525 1.502 1.474 1.459 3.865
8.200 600.000 0.721 0.851 1.000 1.095 1.200 1.349 1.415 1.501 1.562 1.591 1.599 1.572 1.567 1.530 1.482 1.416 1.362 1.354 1.340 1.355 1.350 1.339 1.331 1.317 3.766
8.200 700.000 0.654 0.784 0.932 1.026 1.125 1.271 1.332 1.411 1.463 1.479 1.475 1.435 1.418 1.367 1.306 1.229 1.169 1.172 1.164 1.184 1.183 1.182 1.187 1.171 3.679
8.200 800.000 0.600 0.729 0.876 0.968 1.061 1.204 1.258 1.330 1.372 1.374 1.358 1.303 1.275 1.213 1.139 1.054 0.988 1.003 0.999 1.022 1.024 1.034 1.049 1.032 3.595
8.200 1000.000 0.490 0.618 0.763 0.852 0.934 1.070 1.111 1.167 1.193 1.167 1.128 1.050 1.004 0.923 0.831 0.736 0.661 0.699 0.702 0.726 0.731 0.758 0.786 0.766 3.459
8.200 1200.000 0.391 0.519 0.661 0.747 0.818 0.947 0.975 1.014 1.022 0.969 0.909 0.811 0.749 0.651 0.545 0.445 0.360 0.418 0.425 0.446 0.452 0.494 0.532 0.508 3.314
8.200 1500.000 0.255 0.382 0.520 0.601 0.653 0.769 0.776 0.786 0.766 0.672 0.581 0.454 0.368 0.249 0.130 0.022 -0.081 0.005 0.016 0.029 0.035 0.099 0.151 0.122 3.113
