NGA-East_Model_07 NGA-East USGS GMM as published in PEER Report No. 2017/03, distance is Rrup. Log10 hazard values in cgs units. Uses NRCan simplified, magnitude-independent sigma
          11 34 25 : nmag, ndist, nperiod
          10.000 7.519 5.000 4.000 3.003 2.000 1.499 1.000 0.750 0.500 0.400 0.300 0.250 0.200 0.150 0.100 0.075 0.050 0.040 0.030 0.025 0.020 0.010 PGA PGV
          0.62 0.62 0.62 0.62 0.62 0.62 0.62 0.62 0.60 0.58 0.56 0.54 0.53 0.53 0.53 0.53 0.53 0.53 0.53 0.53 0.53 0.53 0.53 0.53 0.62
4.000 0.000 -1.367 -1.054 -0.651 -0.421 -0.132 0.281 0.561 0.966 1.241 1.611 1.798 2.001 2.125 2.262 2.415 2.589 2.681 2.814 2.847 2.854 2.839 2.807 2.629 2.600 3.636
4.000 1.000 -1.445 -1.132 -0.730 -0.500 -0.212 0.201 0.481 0.885 1.162 1.531 1.718 1.921 2.045 2.183 2.340 2.516 2.611 2.746 2.781 2.789 2.777 2.743 2.564 2.537 3.554
4.000 5.000 -1.808 -1.498 -1.095 -0.867 -0.596 -0.177 0.098 0.511 0.791 1.174 1.362 1.577 1.705 1.849 2.023 2.210 2.322 2.451 2.484 2.487 2.470 2.430 2.250 2.223 3.131
4.000 10.000 -2.075 -1.767 -1.364 -1.137 -0.877 -0.456 -0.184 0.232 0.513 0.901 1.086 1.305 1.431 1.573 1.749 1.937 2.046 2.173 2.201 2.199 2.178 2.136 1.957 1.931 2.835
4.000 15.000 -2.271 -1.964 -1.559 -1.334 -1.079 -0.657 -0.387 0.030 0.309 0.699 0.881 1.102 1.225 1.364 1.537 1.720 1.824 1.944 1.968 1.960 1.936 1.891 1.713 1.687 2.605
4.000 20.000 -2.428 -2.122 -1.717 -1.492 -1.240 -0.819 -0.550 -0.133 0.146 0.535 0.716 0.938 1.059 1.195 1.365 1.545 1.644 1.758 1.778 1.767 1.740 1.694 1.515 1.489 2.417
4.000 25.000 -2.563 -2.257 -1.851 -1.627 -1.377 -0.957 -0.689 -0.271 0.007 0.397 0.576 0.799 0.918 1.053 1.220 1.398 1.492 1.601 1.619 1.604 1.574 1.527 1.347 1.321 2.259
4.000 30.000 -2.672 -2.367 -1.960 -1.737 -1.490 -1.070 -0.802 -0.384 -0.107 0.283 0.460 0.684 0.802 0.935 1.100 1.275 1.366 1.472 1.487 1.469 1.437 1.390 1.211 1.185 2.132
4.000 40.000 -2.847 -2.543 -2.135 -1.912 -1.668 -1.250 -0.983 -0.565 -0.289 0.100 0.276 0.500 0.616 0.745 0.907 1.077 1.162 1.262 1.273 1.252 1.217 1.169 0.991 0.966 1.932
4.000 50.000 -2.982 -2.679 -2.271 -2.049 -1.807 -1.390 -1.123 -0.707 -0.432 -0.043 0.131 0.356 0.469 0.596 0.753 0.919 0.999 1.093 1.100 1.075 1.038 0.990 0.813 0.788 1.777
4.000 60.000 -3.062 -2.759 -2.351 -2.129 -1.887 -1.471 -1.204 -0.789 -0.515 -0.128 0.045 0.268 0.381 0.505 0.658 0.821 0.895 0.984 0.989 0.961 0.922 0.875 0.698 0.672 1.680
4.000 70.000 -3.113 -2.811 -2.403 -2.182 -1.942 -1.526 -1.260 -0.846 -0.573 -0.187 -0.015 0.207 0.318 0.442 0.592 0.750 0.822 0.902 0.904 0.874 0.834 0.783 0.605 0.580 1.602
4.000 80.000 -3.151 -2.849 -2.442 -2.222 -1.982 -1.567 -1.302 -0.888 -0.616 -0.231 -0.061 0.160 0.270 0.392 0.540 0.693 0.763 0.836 0.835 0.803 0.762 0.708 0.529 0.505 1.542
4.000 90.000 -3.180 -2.880 -2.473 -2.253 -2.014 -1.599 -1.335 -0.923 -0.651 -0.268 -0.098 0.121 0.230 0.350 0.496 0.644 0.711 0.778 0.774 0.740 0.698 0.642 0.462 0.438 1.493
4.000 100.000 -3.207 -2.907 -2.501 -2.281 -2.043 -1.629 -1.365 -0.954 -0.682 -0.301 -0.132 0.085 0.193 0.312 0.455 0.599 0.662 0.724 0.717 0.681 0.638 0.580 0.399 0.376 1.447
4.000 110.000 -3.232 -2.932 -2.527 -2.307 -2.069 -1.656 -1.393 -0.982 -0.712 -0.332 -0.164 0.052 0.159 0.276 0.416 0.555 0.616 0.671 0.663 0.625 0.582 0.522 0.342 0.319 1.405
4.000 120.000 -3.255 -2.956 -2.551 -2.332 -2.094 -1.682 -1.419 -1.010 -0.740 -0.362 -0.194 0.019 0.125 0.241 0.378 0.513 0.571 0.621 0.610 0.570 0.527 0.466 0.287 0.264 1.366
4.000 130.000 -3.280 -2.981 -2.577 -2.358 -2.120 -1.708 -1.446 -1.038 -0.769 -0.392 -0.226 -0.014 0.091 0.204 0.339 0.468 0.523 0.568 0.555 0.513 0.469 0.408 0.230 0.207 1.324
4.000 140.000 -3.304 -3.006 -2.602 -2.383 -2.146 -1.735 -1.473 -1.066 -0.797 -0.423 -0.257 -0.047 0.057 0.169 0.300 0.425 0.476 0.516 0.501 0.458 0.413 0.350 0.174 0.151 1.283
4.000 150.000 -3.330 -3.032 -2.628 -2.410 -2.173 -1.763 -1.501 -1.095 -0.827 -0.454 -0.289 -0.081 0.022 0.132 0.260 0.381 0.428 0.463 0.446 0.402 0.357 0.294 0.119 0.097 1.244
4.000 175.000 -3.392 -3.095 -2.692 -2.475 -2.239 -1.830 -1.570 -1.166 -0.900 -0.530 -0.368 -0.164 -0.064 0.042 0.163 0.272 0.312 0.336 0.314 0.267 0.221 0.158 -0.012 -0.033 1.147
4.000 200.000 -3.448 -3.152 -2.750 -2.533 -2.298 -1.891 -1.632 -1.230 -0.966 -0.600 -0.440 -0.239 -0.142 -0.040 0.073 0.173 0.204 0.218 0.193 0.143 0.095 0.033 -0.132 -0.152 1.060
4.000 250.000 -3.546 -3.252 -2.852 -2.637 -2.406 -2.001 -1.745 -1.347 -1.087 -0.726 -0.572 -0.379 -0.289 -0.196 -0.096 -0.018 -0.001 -0.005 -0.036 -0.088 -0.134 -0.194 -0.344 -0.362 0.898
4.000 300.000 -3.630 -3.337 -2.940 -2.726 -2.498 -2.095 -1.842 -1.447 -1.191 -0.837 -0.689 -0.504 -0.420 -0.336 -0.248 -0.190 -0.187 -0.205 -0.240 -0.292 -0.337 -0.393 -0.527 -0.544 0.759
4.000 350.000 -3.702 -3.411 -3.015 -2.803 -2.578 -2.177 -1.928 -1.536 -1.284 -0.936 -0.794 -0.616 -0.540 -0.465 -0.390 -0.351 -0.361 -0.390 -0.428 -0.481 -0.523 -0.575 -0.694 -0.710 0.634
4.000 400.000 -3.767 -3.478 -3.083 -2.872 -2.651 -2.251 -2.005 -1.617 -1.369 -1.027 -0.891 -0.722 -0.652 -0.586 -0.523 -0.503 -0.525 -0.564 -0.603 -0.656 -0.695 -0.743 -0.848 -0.863 0.515
4.000 450.000 -3.827 -3.539 -3.148 -2.938 -2.722 -2.323 -2.081 -1.695 -1.451 -1.115 -0.987 -0.826 -0.764 -0.708 -0.655 -0.654 -0.688 -0.732 -0.772 -0.823 -0.859 -0.901 -0.992 -1.006 0.403
4.000 500.000 -3.883 -3.595 -3.207 -2.998 -2.788 -2.389 -2.151 -1.768 -1.529 -1.198 -1.077 -0.924 -0.870 -0.823 -0.781 -0.798 -0.843 -0.891 -0.931 -0.980 -1.012 -1.048 -1.126 -1.139 0.299
4.000 600.000 -3.975 -3.689 -3.306 -3.099 -2.896 -2.500 -2.272 -1.898 -1.670 -1.358 -1.255 -1.125 -1.091 -1.067 -1.052 -1.106 -1.173 -1.212 -1.244 -1.281 -1.299 -1.320 -1.364 -1.374 0.109
4.000 700.000 -4.067 -3.782 -3.402 -3.196 -3.001 -2.607 -2.386 -2.020 -1.800 -1.502 -1.415 -1.301 -1.283 -1.277 -1.280 -1.361 -1.444 -1.483 -1.512 -1.546 -1.557 -1.570 -1.597 -1.605 -0.063
4.000 800.000 -4.151 -3.866 -3.488 -3.284 -3.095 -2.704 -2.490 -2.132 -1.923 -1.641 -1.570 -1.475 -1.472 -1.484 -1.507 -1.613 -1.711 -1.743 -1.767 -1.797 -1.804 -1.803 -1.812 -1.822 -0.221
4.000 1000.000 -4.326 -4.040 -3.664 -3.461 -3.280 -2.894 -2.692 -2.350 -2.159 -1.908 -1.864 -1.800 -1.825 -1.868 -1.921 -2.063 -2.184 -2.201 -2.218 -2.245 -2.244 -2.224 -2.209 -2.221 -0.501
4.000 1200.000 -4.472 -4.183 -3.809 -3.606 -3.433 -3.052 -2.864 -2.542 -2.373 -2.160 -2.145 -2.117 -2.170 -2.243 -2.327 -2.501 -2.640 -2.640 -2.650 -2.676 -2.667 -2.630 -2.594 -2.606 -0.767
4.000 1500.000 -4.696 -4.400 -4.023 -3.820 -3.656 -3.284 -3.115 -2.822 -2.684 -2.526 -2.554 -2.575 -2.668 -2.783 -2.907 -3.122 -3.288 -3.268 -3.271 -3.303 -3.289 -3.229 -3.170 -3.183 -1.148
4.500 0.000 -0.968 -0.657 -0.251 -0.021 0.267 0.682 0.961 1.355 1.618 1.948 2.108 2.271 2.371 2.481 2.606 2.751 2.830 2.933 2.953 2.946 2.923 2.884 2.710 2.683 3.854
4.500 1.000 -1.020 -0.710 -0.305 -0.075 0.213 0.629 0.907 1.300 1.563 1.892 2.053 2.214 2.315 2.425 2.553 2.698 2.781 2.883 2.904 2.898 2.878 2.836 2.659 2.633 3.799
4.500 5.000 -1.309 -1.001 -0.596 -0.367 -0.091 0.328 0.604 1.001 1.267 1.604 1.764 1.933 2.036 2.149 2.289 2.445 2.538 2.645 2.668 2.662 2.642 2.597 2.420 2.395 3.454
4.500 10.000 -1.544 -1.237 -0.832 -0.605 -0.338 0.083 0.355 0.756 1.022 1.363 1.521 1.694 1.795 1.906 2.047 2.203 2.294 2.398 2.417 2.407 2.384 2.336 2.162 2.138 3.184
4.500 15.000 -1.717 -1.411 -1.006 -0.779 -0.517 -0.096 0.175 0.576 0.841 1.183 1.339 1.514 1.612 1.720 1.859 2.010 2.097 2.194 2.209 2.196 2.170 2.119 1.947 1.923 2.977
4.500 20.000 -1.856 -1.551 -1.145 -0.920 -0.661 -0.240 0.029 0.431 0.695 1.038 1.192 1.367 1.463 1.570 1.705 1.853 1.936 2.027 2.039 2.022 1.993 1.942 1.770 1.746 2.812
4.500 25.000 -1.975 -1.670 -1.265 -1.040 -0.784 -0.364 -0.095 0.307 0.570 0.913 1.065 1.241 1.336 1.440 1.574 1.719 1.798 1.884 1.893 1.873 1.842 1.789 1.619 1.596 2.669
4.500 30.000 -2.074 -1.771 -1.365 -1.140 -0.887 -0.467 -0.200 0.202 0.465 0.809 0.959 1.136 1.229 1.332 1.463 1.605 1.681 1.763 1.770 1.748 1.716 1.663 1.493 1.470 2.553
4.500 40.000 -2.234 -1.932 -1.525 -1.302 -1.052 -0.633 -0.367 0.035 0.297 0.640 0.788 0.965 1.055 1.155 1.283 1.420 1.490 1.566 1.569 1.544 1.510 1.456 1.289 1.266 2.370
4.500 50.000 -2.360 -2.059 -1.652 -1.429 -1.182 -0.765 -0.499 -0.098 0.163 0.505 0.651 0.829 0.917 1.014 1.138 1.271 1.335 1.406 1.406 1.377 1.342 1.288 1.122 1.099 2.227
4.500 60.000 -2.434 -2.133 -1.726 -1.504 -1.257 -0.841 -0.575 -0.176 0.084 0.425 0.570 0.746 0.833 0.929 1.048 1.178 1.237 1.303 1.300 1.270 1.232 1.179 1.014 0.991 2.137
4.500 70.000 -2.482 -2.182 -1.776 -1.555 -1.309 -0.894 -0.629 -0.230 0.028 0.368 0.513 0.687 0.773 0.867 0.984 1.109 1.166 1.224 1.218 1.187 1.147 1.091 0.925 0.903 2.065
4.500 80.000 -2.515 -2.216 -1.811 -1.590 -1.346 -0.931 -0.667 -0.269 -0.011 0.327 0.471 0.644 0.728 0.821 0.935 1.055 1.110 1.161 1.153 1.119 1.079 1.020 0.853 0.832 2.009
4.500 90.000 -2.542 -2.243 -1.839 -1.618 -1.375 -0.961 -0.698 -0.301 -0.044 0.293 0.435 0.606 0.690 0.781 0.893 1.007 1.060 1.105 1.094 1.059 1.018 0.957 0.790 0.770 1.964
4.500 100.000 -2.566 -2.268 -1.865 -1.644 -1.402 -0.988 -0.726 -0.330 -0.074 0.261 0.403 0.572 0.655 0.744 0.853 0.963 1.013 1.053 1.040 1.002 0.962 0.899 0.732 0.712 1.922
4.500 110.000 -2.588 -2.291 -1.888 -1.668 -1.426 -1.013 -0.752 -0.357 -0.102 0.232 0.372 0.540 0.622 0.709 0.816 0.921 0.968 1.002 0.987 0.948 0.908 0.843 0.678 0.658 1.883
4.500 120.000 -2.609 -2.312 -1.910 -1.690 -1.449 -1.037 -0.777 -0.383 -0.128 0.204 0.344 0.509 0.590 0.676 0.780 0.881 0.925 0.954 0.937 0.897 0.856 0.791 0.627 0.607 1.847
4.500 130.000 -2.632 -2.335 -1.933 -1.714 -1.473 -1.062 -0.802 -0.409 -0.155 0.175 0.314 0.478 0.557 0.641 0.742 0.838 0.879 0.903 0.884 0.843 0.802 0.736 0.573 0.553 1.809
4.500 140.000 -2.654 -2.359 -1.957 -1.738 -1.497 -1.087 -0.827 -0.436 -0.183 0.146 0.284 0.446 0.524 0.606 0.704 0.796 0.833 0.853 0.832 0.789 0.748 0.682 0.520 0.501 1.772
4.500 150.000 -2.678 -2.383 -1.981 -1.763 -1.523 -1.113 -0.854 -0.464 -0.211 0.116 0.253 0.413 0.490 0.571 0.665 0.752 0.787 0.802 0.779 0.736 0.694 0.628 0.469 0.450 1.736
4.500 175.000 -2.735 -2.441 -2.041 -1.823 -1.584 -1.176 -0.919 -0.531 -0.281 0.043 0.177 0.334 0.408 0.484 0.571 0.647 0.674 0.679 0.653 0.607 0.565 0.499 0.345 0.327 1.647
4.500 200.000 -2.786 -2.493 -2.094 -1.878 -1.639 -1.234 -0.977 -0.592 -0.344 -0.024 0.108 0.261 0.332 0.403 0.484 0.550 0.569 0.565 0.535 0.488 0.445 0.380 0.233 0.215 1.567
4.500 250.000 -2.875 -2.584 -2.188 -1.974 -1.740 -1.337 -1.084 -0.703 -0.459 -0.146 -0.020 0.125 0.189 0.251 0.319 0.363 0.369 0.349 0.315 0.267 0.226 0.165 0.034 0.018 1.416
4.500 300.000 -2.951 -2.662 -2.269 -2.056 -1.826 -1.425 -1.176 -0.799 -0.559 -0.252 -0.133 0.004 0.061 0.115 0.169 0.194 0.187 0.156 0.120 0.072 0.034 -0.023 -0.139 -0.154 1.286
4.500 350.000 -3.018 -2.731 -2.339 -2.128 -1.902 -1.503 -1.258 -0.884 -0.649 -0.348 -0.235 -0.107 -0.056 -0.012 0.031 0.037 0.019 -0.022 -0.060 -0.107 -0.142 -0.194 -0.296 -0.310 1.169
4.500 400.000 -3.078 -2.792 -2.403 -2.193 -1.970 -1.573 -1.331 -0.962 -0.730 -0.437 -0.330 -0.209 -0.166 -0.130 -0.099 -0.111 -0.140 -0.188 -0.226 -0.271 -0.303 -0.351 -0.439 -0.451 1.062
4.500 450.000 -3.133 -2.849 -2.463 -2.255 -2.038 -1.642 -1.405 -1.038 -0.811 -0.523 -0.423 -0.311 -0.275 -0.249 -0.228 -0.257 -0.297 -0.348 -0.386 -0.430 -0.458 -0.499 -0.574 -0.586 0.957
4.500 500.000 -3.184 -2.901 -2.519 -2.312 -2.100 -1.705 -1.473 -1.109 -0.886 -0.604 -0.512 -0.408 -0.380 -0.362 -0.352 -0.397 -0.447 -0.499 -0.537 -0.578 -0.602 -0.638 -0.700 -0.711 0.859
4.500 600.000 -3.270 -2.989 -2.613 -2.408 -2.206 -1.813 -1.590 -1.236 -1.024 -0.760 -0.685 -0.603 -0.594 -0.598 -0.612 -0.689 -0.759 -0.801 -0.830 -0.859 -0.871 -0.892 -0.924 -0.933 0.683
4.500 700.000 -3.355 -3.075 -2.703 -2.500 -2.305 -1.915 -1.701 -1.355 -1.152 -0.903 -0.844 -0.779 -0.785 -0.806 -0.838 -0.941 -1.025 -1.062 -1.087 -1.112 -1.117 -1.127 -1.142 -1.151 0.524
4.500 800.000 -3.436 -3.157 -2.787 -2.586 -2.398 -2.011 -1.804 -1.466 -1.273 -1.039 -0.993 -0.945 -0.965 -1.003 -1.051 -1.174 -1.270 -1.299 -1.320 -1.342 -1.342 -1.342 -1.343 -1.352 0.377
4.500 1000.000 -3.600 -3.320 -2.954 -2.755 -2.576 -2.195 -2.001 -1.680 -1.506 -1.302 -1.283 -1.265 -1.311 -1.377 -1.454 -1.607 -1.724 -1.733 -1.746 -1.764 -1.758 -1.737 -1.716 -1.728 0.114
4.500 1200.000 -3.737 -3.456 -3.092 -2.894 -2.724 -2.350 -2.170 -1.869 -1.716 -1.548 -1.558 -1.573 -1.645 -1.740 -1.845 -2.026 -2.160 -2.152 -2.157 -2.176 -2.163 -2.125 -2.085 -2.097 -0.134
4.500 1500.000 -3.946 -3.660 -3.295 -3.098 -2.939 -2.575 -2.415 -2.145 -2.025 -1.912 -1.963 -2.025 -2.134 -2.268 -2.409 -2.623 -2.783 -2.750 -2.748 -2.773 -2.755 -2.693 -2.632 -2.646 -0.488
5.000 0.000 -0.560 -0.258 0.139 0.363 0.645 1.046 1.312 1.675 1.910 2.189 2.321 2.450 2.534 2.627 2.736 2.862 2.935 3.015 3.027 3.014 2.986 2.942 2.775 2.750 4.039
5.000 1.000 -0.593 -0.292 0.103 0.327 0.610 1.011 1.276 1.638 1.875 2.152 2.284 2.411 2.495 2.588 2.698 2.824 2.897 2.977 2.989 2.975 2.950 2.902 2.732 2.708 4.003
5.000 5.000 -0.814 -0.514 -0.120 0.104 0.379 0.782 1.046 1.410 1.648 1.930 2.062 2.193 2.279 2.373 2.493 2.627 2.709 2.796 2.810 2.798 2.776 2.726 2.554 2.530 3.740
5.000 10.000 -1.017 -0.718 -0.324 -0.102 0.165 0.570 0.831 1.197 1.435 1.721 1.851 1.986 2.069 2.162 2.282 2.417 2.497 2.582 2.594 2.580 2.555 2.503 2.334 2.311 3.499
5.000 15.000 -1.168 -0.870 -0.476 -0.254 0.008 0.413 0.672 1.039 1.277 1.563 1.691 1.827 1.909 1.999 2.117 2.248 2.324 2.403 2.412 2.394 2.368 2.313 2.147 2.124 3.315
5.000 20.000 -1.288 -0.991 -0.596 -0.375 -0.117 0.288 0.546 0.913 1.150 1.437 1.563 1.699 1.779 1.867 1.982 2.110 2.182 2.255 2.260 2.240 2.212 2.156 1.992 1.970 3.171
5.000 25.000 -1.390 -1.094 -0.699 -0.479 -0.224 0.181 0.437 0.805 1.041 1.328 1.452 1.589 1.667 1.753 1.866 1.989 2.057 2.125 2.127 2.105 2.076 2.018 1.856 1.835 3.044
5.000 30.000 -1.478 -1.182 -0.788 -0.568 -0.316 0.089 0.344 0.712 0.947 1.235 1.358 1.494 1.571 1.655 1.766 1.886 1.951 2.015 2.015 1.991 1.960 1.902 1.741 1.720 2.940
5.000 40.000 -1.621 -1.326 -0.932 -0.714 -0.465 -0.061 0.193 0.560 0.795 1.082 1.202 1.339 1.413 1.495 1.601 1.716 1.776 1.833 1.830 1.803 1.771 1.712 1.555 1.534 2.775
5.000 50.000 -1.737 -1.443 -1.049 -0.831 -0.586 -0.183 0.070 0.436 0.670 0.957 1.075 1.212 1.284 1.363 1.466 1.577 1.632 1.685 1.678 1.649 1.615 1.556 1.401 1.380 2.643
5.000 60.000 -1.805 -1.512 -1.118 -0.901 -0.656 -0.254 -0.002 0.364 0.596 0.881 0.999 1.135 1.206 1.283 1.382 1.490 1.540 1.588 1.579 1.548 1.513 1.454 1.299 1.278 2.561
5.000 70.000 -1.849 -1.558 -1.164 -0.948 -0.705 -0.304 -0.053 0.312 0.544 0.828 0.945 1.079 1.149 1.225 1.322 1.424 1.473 1.513 1.501 1.469 1.433 1.371 1.215 1.195 2.495
5.000 80.000 -1.878 -1.587 -1.195 -0.979 -0.737 -0.337 -0.087 0.277 0.508 0.791 0.906 1.039 1.108 1.182 1.276 1.373 1.420 1.453 1.439 1.405 1.369 1.304 1.149 1.129 2.443
5.000 90.000 -1.902 -1.612 -1.220 -1.005 -0.764 -0.365 -0.115 0.247 0.477 0.759 0.873 1.004 1.072 1.144 1.236 1.328 1.372 1.400 1.384 1.348 1.311 1.245 1.089 1.070 2.401
5.000 100.000 -1.924 -1.634 -1.244 -1.029 -0.789 -0.390 -0.142 0.220 0.449 0.729 0.843 0.972 1.038 1.109 1.198 1.286 1.328 1.350 1.331 1.295 1.258 1.190 1.034 1.016 2.363
5.000 110.000 -1.944 -1.655 -1.265 -1.051 -0.811 -0.413 -0.166 0.195 0.423 0.702 0.814 0.942 1.007 1.076 1.163 1.246 1.285 1.302 1.282 1.244 1.207 1.137 0.983 0.965 2.327
5.000 120.000 -1.962 -1.674 -1.284 -1.071 -0.832 -0.435 -0.188 0.172 0.399 0.676 0.788 0.914 0.978 1.045 1.129 1.208 1.244 1.257 1.235 1.196 1.159 1.088 0.935 0.917 2.295
5.000 130.000 -1.982 -1.695 -1.306 -1.092 -0.854 -0.458 -0.211 0.147 0.374 0.649 0.760 0.884 0.946 1.012 1.093 1.167 1.200 1.208 1.184 1.144 1.107 1.036 0.885 0.867 2.260
5.000 140.000 -2.003 -1.716 -1.328 -1.115 -0.876 -0.481 -0.235 0.122 0.348 0.621 0.731 0.853 0.915 0.979 1.056 1.126 1.156 1.159 1.134 1.093 1.056 0.985 0.836 0.818 2.227
5.000 150.000 -2.024 -1.738 -1.350 -1.137 -0.900 -0.506 -0.260 0.096 0.321 0.593 0.701 0.822 0.882 0.945 1.019 1.084 1.111 1.110 1.084 1.042 1.005 0.934 0.787 0.770 2.193
5.000 175.000 -2.076 -1.791 -1.405 -1.193 -0.957 -0.564 -0.321 0.033 0.256 0.524 0.630 0.746 0.804 0.861 0.928 0.982 1.002 0.992 0.962 0.919 0.882 0.812 0.671 0.655 2.112
5.000 200.000 -2.122 -1.838 -1.453 -1.243 -1.008 -0.617 -0.375 -0.024 0.196 0.461 0.564 0.676 0.730 0.783 0.844 0.887 0.900 0.881 0.849 0.805 0.768 0.700 0.566 0.550 2.038
5.000 250.000 -2.204 -1.923 -1.541 -1.333 -1.102 -0.715 -0.476 -0.130 0.086 0.344 0.441 0.545 0.592 0.636 0.683 0.705 0.706 0.673 0.638 0.594 0.559 0.495 0.377 0.363 1.898
5.000 300.000 -2.273 -1.994 -1.615 -1.409 -1.182 -0.797 -0.563 -0.221 -0.009 0.242 0.333 0.428 0.469 0.503 0.538 0.541 0.530 0.487 0.450 0.407 0.376 0.316 0.213 0.201 1.777
5.000 350.000 -2.335 -2.058 -1.682 -1.477 -1.255 -0.872 -0.642 -0.303 -0.096 0.149 0.233 0.321 0.354 0.380 0.403 0.388 0.366 0.316 0.278 0.237 0.209 0.154 0.065 0.054 1.669
5.000 400.000 -2.392 -2.116 -1.742 -1.538 -1.320 -0.940 -0.713 -0.379 -0.175 0.062 0.141 0.220 0.247 0.264 0.276 0.245 0.213 0.158 0.121 0.082 0.057 0.009 -0.067 -0.078 1.574
5.000 450.000 -2.443 -2.169 -1.799 -1.597 -1.385 -1.005 -0.784 -0.453 -0.253 -0.021 0.050 0.122 0.141 0.149 0.151 0.104 0.063 0.006 -0.031 -0.067 -0.088 -0.131 -0.194 -0.205 1.476
5.000 500.000 -2.492 -2.219 -1.853 -1.652 -1.445 -1.066 -0.850 -0.522 -0.326 -0.100 -0.036 0.027 0.039 0.038 0.031 -0.031 -0.081 -0.138 -0.173 -0.207 -0.224 -0.261 -0.312 -0.323 1.385
5.000 600.000 -2.572 -2.301 -1.942 -1.743 -1.546 -1.170 -0.964 -0.646 -0.461 -0.253 -0.205 -0.164 -0.169 -0.191 -0.222 -0.313 -0.380 -0.423 -0.450 -0.472 -0.476 -0.500 -0.524 -0.532 1.220
5.000 700.000 -2.652 -2.383 -2.028 -1.832 -1.643 -1.269 -1.071 -0.761 -0.585 -0.390 -0.357 -0.331 -0.351 -0.389 -0.436 -0.548 -0.629 -0.665 -0.687 -0.705 -0.705 -0.717 -0.726 -0.735 1.072
5.000 800.000 -2.728 -2.460 -2.109 -1.914 -1.732 -1.362 -1.172 -0.870 -0.703 -0.524 -0.504 -0.494 -0.527 -0.581 -0.644 -0.773 -0.865 -0.891 -0.909 -0.923 -0.918 -0.920 -0.915 -0.925 0.935
5.000 1000.000 -2.883 -2.616 -2.269 -2.077 -1.905 -1.541 -1.364 -1.079 -0.931 -0.781 -0.786 -0.806 -0.863 -0.942 -1.031 -1.186 -1.297 -1.300 -1.310 -1.320 -1.309 -1.291 -1.266 -1.278 0.691
5.000 1200.000 -3.013 -2.744 -2.401 -2.211 -2.049 -1.692 -1.529 -1.264 -1.137 -1.021 -1.054 -1.104 -1.186 -1.291 -1.406 -1.585 -1.713 -1.699 -1.702 -1.715 -1.698 -1.662 -1.621 -1.634 0.461
5.000 1500.000 -3.210 -2.938 -2.595 -2.407 -2.257 -1.913 -1.770 -1.536 -1.441 -1.377 -1.450 -1.543 -1.659 -1.801 -1.948 -2.155 -2.305 -2.263 -2.259 -2.277 -2.256 -2.197 -2.136 -2.152 0.132
5.500 0.000 -0.155 0.132 0.508 0.719 0.984 1.359 1.600 1.922 2.125 2.357 2.465 2.571 2.644 2.726 2.826 2.941 3.007 3.073 3.079 3.063 3.031 2.986 2.828 2.804 4.166
5.500 1.000 -0.177 0.110 0.484 0.696 0.961 1.336 1.577 1.897 2.101 2.331 2.439 2.543 2.616 2.698 2.797 2.911 2.976 3.042 3.047 3.030 3.001 2.952 2.790 2.766 4.143
5.500 5.000 -0.331 -0.046 0.328 0.540 0.803 1.179 1.419 1.739 1.945 2.175 2.284 2.388 2.463 2.546 2.651 2.770 2.840 2.911 2.917 2.902 2.876 2.823 2.658 2.634 3.969
5.500 10.000 -0.500 -0.215 0.157 0.369 0.625 1.002 1.241 1.562 1.768 2.001 2.108 2.215 2.289 2.370 2.475 2.595 2.664 2.734 2.739 2.723 2.697 2.641 2.478 2.455 3.766
5.500 15.000 -0.630 -0.346 0.027 0.237 0.490 0.867 1.104 1.426 1.631 1.865 1.970 2.078 2.150 2.229 2.332 2.448 2.515 2.580 2.582 2.563 2.537 2.479 2.319 2.297 3.607
5.500 20.000 -0.731 -0.448 -0.076 0.134 0.383 0.760 0.996 1.317 1.522 1.756 1.860 1.967 2.037 2.115 2.215 2.327 2.390 2.449 2.449 2.428 2.400 2.342 2.185 2.163 3.482
5.500 25.000 -0.818 -0.536 -0.164 0.045 0.291 0.668 0.902 1.224 1.428 1.662 1.764 1.872 1.940 2.015 2.113 2.220 2.280 2.333 2.330 2.308 2.279 2.219 2.065 2.044 3.371
5.500 30.000 -0.894 -0.613 -0.242 -0.033 0.210 0.587 0.820 1.142 1.345 1.580 1.680 1.788 1.855 1.928 2.024 2.128 2.185 2.234 2.229 2.205 2.176 2.115 1.963 1.942 3.279
5.500 40.000 -1.018 -0.738 -0.367 -0.160 0.079 0.455 0.686 1.008 1.211 1.446 1.543 1.651 1.715 1.786 1.878 1.976 2.028 2.071 2.062 2.037 2.006 1.944 1.795 1.775 3.131
5.500 50.000 -1.121 -0.842 -0.472 -0.265 -0.030 0.345 0.575 0.897 1.099 1.334 1.429 1.537 1.599 1.667 1.756 1.851 1.898 1.936 1.925 1.897 1.866 1.803 1.657 1.636 3.014
5.500 60.000 -1.182 -0.904 -0.534 -0.329 -0.095 0.280 0.509 0.830 1.031 1.265 1.360 1.466 1.528 1.594 1.680 1.771 1.814 1.848 1.834 1.805 1.772 1.709 1.563 1.542 2.940
5.500 70.000 -1.220 -0.943 -0.575 -0.370 -0.138 0.236 0.464 0.785 0.984 1.218 1.312 1.417 1.477 1.542 1.625 1.711 1.752 1.779 1.762 1.733 1.698 1.633 1.486 1.466 2.879
5.500 80.000 -1.244 -0.968 -0.601 -0.397 -0.167 0.207 0.433 0.753 0.952 1.185 1.277 1.380 1.440 1.502 1.583 1.664 1.703 1.724 1.705 1.674 1.639 1.571 1.425 1.406 2.833
5.500 90.000 -1.265 -0.989 -0.623 -0.420 -0.191 0.183 0.408 0.727 0.925 1.156 1.248 1.349 1.407 1.468 1.546 1.623 1.659 1.674 1.654 1.621 1.586 1.516 1.371 1.352 2.795
5.500 100.000 -1.283 -1.009 -0.644 -0.440 -0.213 0.160 0.384 0.702 0.900 1.129 1.220 1.320 1.377 1.436 1.511 1.583 1.617 1.627 1.605 1.571 1.536 1.465 1.320 1.301 2.760
5.500 110.000 -1.300 -1.026 -0.662 -0.459 -0.233 0.140 0.363 0.680 0.877 1.105 1.195 1.292 1.348 1.406 1.479 1.546 1.577 1.583 1.558 1.523 1.489 1.417 1.272 1.254 2.729
5.500 120.000 -1.316 -1.042 -0.679 -0.477 -0.251 0.120 0.343 0.659 0.855 1.082 1.170 1.266 1.321 1.377 1.447 1.510 1.539 1.540 1.514 1.478 1.444 1.370 1.228 1.210 2.700
5.500 130.000 -1.334 -1.061 -0.699 -0.497 -0.272 0.099 0.321 0.636 0.831 1.056 1.144 1.238 1.292 1.346 1.413 1.471 1.496 1.493 1.466 1.429 1.395 1.322 1.181 1.163 2.670
5.500 140.000 -1.352 -1.080 -0.718 -0.517 -0.292 0.078 0.299 0.613 0.807 1.031 1.117 1.210 1.262 1.314 1.378 1.431 1.454 1.447 1.419 1.381 1.347 1.273 1.135 1.117 2.640
5.500 150.000 -1.371 -1.100 -0.739 -0.538 -0.314 0.056 0.276 0.589 0.782 1.004 1.090 1.181 1.232 1.282 1.343 1.392 1.412 1.401 1.371 1.333 1.299 1.226 1.089 1.072 2.610
5.500 175.000 -1.418 -1.148 -0.789 -0.589 -0.367 0.001 0.219 0.530 0.721 0.940 1.022 1.109 1.157 1.202 1.256 1.294 1.307 1.287 1.255 1.217 1.183 1.111 0.981 0.964 2.536
5.500 200.000 -1.459 -1.190 -0.833 -0.634 -0.414 -0.048 0.169 0.476 0.666 0.881 0.960 1.042 1.087 1.128 1.175 1.202 1.209 1.181 1.147 1.108 1.076 1.005 0.882 0.866 2.468
5.500 250.000 -1.534 -1.268 -0.914 -0.717 -0.502 -0.139 0.073 0.377 0.562 0.770 0.844 0.917 0.954 0.986 1.020 1.026 1.021 0.981 0.944 0.907 0.877 0.811 0.704 0.689 2.337
5.500 300.000 -1.598 -1.334 -0.984 -0.789 -0.578 -0.217 -0.009 0.290 0.471 0.672 0.740 0.805 0.835 0.857 0.879 0.866 0.850 0.802 0.764 0.729 0.703 0.641 0.549 0.536 2.223
5.500 350.000 -1.656 -1.394 -1.046 -0.853 -0.646 -0.288 -0.084 0.211 0.388 0.582 0.643 0.700 0.724 0.737 0.747 0.718 0.692 0.638 0.601 0.567 0.545 0.488 0.410 0.398 2.126
5.500 400.000 -1.708 -1.448 -1.103 -0.911 -0.708 -0.353 -0.152 0.139 0.311 0.499 0.554 0.603 0.619 0.623 0.623 0.578 0.544 0.486 0.450 0.419 0.400 0.350 0.284 0.273 2.038
5.500 450.000 -1.757 -1.498 -1.157 -0.967 -0.769 -0.415 -0.219 0.069 0.237 0.419 0.467 0.507 0.517 0.512 0.502 0.442 0.399 0.341 0.306 0.278 0.263 0.218 0.165 0.154 1.947
5.500 500.000 -1.803 -1.545 -1.207 -1.018 -0.825 -0.472 -0.281 0.003 0.167 0.342 0.384 0.416 0.419 0.406 0.386 0.313 0.261 0.205 0.171 0.146 0.135 0.096 0.053 0.043 1.863
5.500 600.000 -1.880 -1.625 -1.292 -1.106 -0.922 -0.573 -0.391 -0.117 0.037 0.194 0.219 0.231 0.217 0.184 0.141 0.043 -0.024 -0.065 -0.090 -0.103 -0.102 -0.128 -0.146 -0.154 1.711
5.500 700.000 -1.957 -1.703 -1.375 -1.191 -1.015 -0.668 -0.494 -0.228 -0.083 0.061 0.073 0.070 0.043 -0.005 -0.063 -0.179 -0.257 -0.289 -0.309 -0.318 -0.313 -0.328 -0.332 -0.342 1.574
5.500 800.000 -2.030 -1.778 -1.454 -1.271 -1.102 -0.759 -0.593 -0.334 -0.198 -0.069 -0.070 -0.088 -0.128 -0.191 -0.264 -0.395 -0.483 -0.504 -0.519 -0.525 -0.515 -0.519 -0.511 -0.521 1.449
5.500 1000.000 -2.178 -1.927 -1.607 -1.427 -1.268 -0.932 -0.779 -0.538 -0.419 -0.318 -0.343 -0.388 -0.451 -0.538 -0.634 -0.787 -0.893 -0.890 -0.898 -0.901 -0.887 -0.870 -0.843 -0.858 1.222
5.500 1200.000 -2.299 -2.047 -1.731 -1.554 -1.405 -1.077 -0.938 -0.717 -0.619 -0.552 -0.603 -0.678 -0.764 -0.876 -0.997 -1.169 -1.289 -1.266 -1.267 -1.271 -1.252 -1.219 -1.176 -1.192 1.011
5.500 1500.000 -2.486 -2.231 -1.916 -1.742 -1.606 -1.291 -1.173 -0.982 -0.915 -0.897 -0.987 -1.101 -1.219 -1.363 -1.511 -1.704 -1.845 -1.792 -1.786 -1.796 -1.773 -1.717 -1.657 -1.675 0.708
6.000 0.000 0.237 0.502 0.848 1.043 1.286 1.624 1.836 2.111 2.282 2.474 2.565 2.656 2.722 2.797 2.889 2.997 3.057 3.113 3.114 3.097 3.063 3.016 2.864 2.841 4.271
6.000 1.000 0.221 0.487 0.831 1.025 1.269 1.607 1.819 2.092 2.265 2.454 2.546 2.634 2.701 2.776 2.868 2.973 3.033 3.088 3.088 3.069 3.037 2.986 2.830 2.807 4.256
6.000 5.000 0.118 0.383 0.726 0.921 1.166 1.504 1.716 1.987 2.161 2.348 2.440 2.526 2.595 2.668 2.762 2.868 2.928 2.987 2.988 2.969 2.941 2.887 2.728 2.704 4.149
6.000 10.000 -0.010 0.254 0.596 0.791 1.032 1.371 1.582 1.852 2.026 2.213 2.304 2.390 2.457 2.529 2.621 2.725 2.783 2.842 2.842 2.823 2.795 2.741 2.586 2.563 3.996
6.000 15.000 -0.118 0.145 0.486 0.681 0.920 1.258 1.468 1.738 1.912 2.098 2.188 2.274 2.340 2.410 2.500 2.601 2.656 2.711 2.709 2.688 2.659 2.606 2.453 2.431 3.864
6.000 20.000 -0.206 0.056 0.398 0.591 0.827 1.165 1.374 1.645 1.818 2.005 2.093 2.179 2.244 2.312 2.399 2.497 2.548 2.599 2.594 2.572 2.542 2.488 2.338 2.316 3.759
6.000 25.000 -0.279 -0.018 0.323 0.516 0.749 1.087 1.295 1.565 1.737 1.925 2.011 2.097 2.160 2.226 2.311 2.404 2.452 2.496 2.489 2.466 2.435 2.379 2.233 2.212 3.663
6.000 30.000 -0.346 -0.085 0.255 0.448 0.678 1.016 1.222 1.493 1.665 1.853 1.938 2.023 2.085 2.149 2.232 2.322 2.367 2.408 2.399 2.374 2.342 2.286 2.142 2.121 3.581
6.000 40.000 -0.455 -0.195 0.144 0.335 0.560 0.898 1.102 1.374 1.545 1.733 1.816 1.902 1.961 2.022 2.102 2.188 2.227 2.262 2.249 2.222 2.189 2.131 1.990 1.969 3.451
6.000 50.000 -0.547 -0.288 0.051 0.241 0.462 0.800 1.002 1.274 1.444 1.633 1.714 1.800 1.857 1.916 1.994 2.075 2.111 2.141 2.125 2.097 2.063 2.004 1.865 1.845 3.347
6.000 60.000 -0.600 -0.342 -0.005 0.185 0.404 0.742 0.943 1.214 1.384 1.572 1.652 1.737 1.794 1.851 1.926 2.004 2.036 2.062 2.044 2.015 1.980 1.920 1.782 1.761 3.281
6.000 70.000 -0.633 -0.376 -0.041 0.148 0.365 0.703 0.902 1.174 1.342 1.531 1.610 1.693 1.749 1.805 1.877 1.951 1.982 2.000 1.980 1.950 1.914 1.851 1.713 1.692 3.227
6.000 80.000 -0.654 -0.398 -0.063 0.125 0.339 0.677 0.875 1.146 1.314 1.502 1.579 1.662 1.716 1.770 1.841 1.909 1.938 1.951 1.929 1.897 1.861 1.796 1.657 1.637 3.186
6.000 90.000 -0.671 -0.415 -0.082 0.106 0.319 0.656 0.853 1.123 1.290 1.477 1.554 1.634 1.687 1.740 1.808 1.872 1.898 1.906 1.881 1.848 1.812 1.746 1.608 1.588 3.152
6.000 100.000 -0.686 -0.431 -0.099 0.088 0.300 0.637 0.832 1.102 1.269 1.454 1.530 1.608 1.660 1.711 1.777 1.836 1.860 1.864 1.838 1.804 1.768 1.700 1.563 1.544 3.122
6.000 110.000 -0.700 -0.446 -0.115 0.072 0.282 0.619 0.813 1.082 1.248 1.432 1.507 1.583 1.634 1.684 1.747 1.802 1.823 1.822 1.794 1.760 1.724 1.655 1.519 1.500 3.094
6.000 120.000 -0.713 -0.459 -0.130 0.057 0.267 0.602 0.796 1.064 1.229 1.412 1.486 1.560 1.610 1.658 1.718 1.768 1.787 1.782 1.753 1.718 1.682 1.612 1.479 1.460 3.069
6.000 130.000 -0.728 -0.476 -0.147 0.040 0.248 0.583 0.777 1.043 1.208 1.389 1.462 1.535 1.583 1.629 1.686 1.731 1.747 1.738 1.708 1.672 1.637 1.567 1.435 1.416 3.042
6.000 140.000 -0.745 -0.493 -0.165 0.021 0.229 0.563 0.756 1.021 1.185 1.366 1.437 1.508 1.555 1.599 1.653 1.694 1.707 1.695 1.663 1.627 1.592 1.522 1.392 1.374 3.014
6.000 150.000 -0.762 -0.511 -0.183 0.002 0.209 0.543 0.735 0.999 1.163 1.341 1.412 1.481 1.527 1.569 1.620 1.657 1.667 1.651 1.618 1.581 1.547 1.477 1.350 1.331 2.987
6.000 175.000 -0.803 -0.553 -0.228 -0.043 0.162 0.494 0.683 0.946 1.107 1.282 1.349 1.414 1.457 1.494 1.538 1.564 1.567 1.543 1.508 1.472 1.438 1.370 1.250 1.232 2.921
6.000 200.000 -0.840 -0.592 -0.269 -0.085 0.118 0.448 0.636 0.896 1.055 1.227 1.291 1.352 1.391 1.423 1.461 1.475 1.473 1.441 1.405 1.368 1.336 1.269 1.156 1.140 2.859
6.000 250.000 -0.909 -0.663 -0.343 -0.162 0.036 0.364 0.547 0.803 0.959 1.124 1.181 1.233 1.265 1.287 1.312 1.306 1.292 1.250 1.212 1.177 1.148 1.086 0.988 0.973 2.741
6.000 300.000 -0.972 -0.728 -0.411 -0.232 -0.037 0.288 0.467 0.720 0.871 1.030 1.082 1.125 1.150 1.164 1.177 1.154 1.130 1.081 1.042 1.010 0.984 0.926 0.843 0.828 2.639
6.000 350.000 -1.024 -0.782 -0.469 -0.291 -0.101 0.222 0.397 0.646 0.793 0.945 0.990 1.025 1.043 1.047 1.049 1.009 0.976 0.922 0.885 0.855 0.834 0.782 0.712 0.699 2.548
6.000 400.000 -1.074 -0.833 -0.522 -0.346 -0.160 0.161 0.332 0.577 0.719 0.865 0.904 0.931 0.942 0.937 0.928 0.873 0.832 0.777 0.740 0.714 0.697 0.650 0.593 0.581 2.467
6.000 450.000 -1.121 -0.882 -0.574 -0.399 -0.218 0.101 0.269 0.509 0.648 0.787 0.820 0.839 0.843 0.830 0.811 0.742 0.693 0.638 0.603 0.581 0.567 0.526 0.481 0.469 2.383
6.000 500.000 -1.166 -0.929 -0.624 -0.450 -0.273 0.045 0.209 0.445 0.580 0.713 0.739 0.750 0.748 0.726 0.698 0.618 0.561 0.509 0.476 0.457 0.447 0.412 0.377 0.365 2.307
6.000 600.000 -1.239 -1.004 -0.704 -0.533 -0.363 -0.050 0.105 0.332 0.456 0.571 0.582 0.573 0.554 0.513 0.464 0.362 0.292 0.256 0.233 0.225 0.226 0.204 0.192 0.182 2.169
6.000 700.000 -1.316 -1.082 -0.786 -0.616 -0.454 -0.144 0.003 0.223 0.339 0.441 0.439 0.416 0.385 0.329 0.265 0.148 0.068 0.042 0.023 0.020 0.025 0.014 0.014 0.003 2.041
6.000 800.000 -1.383 -1.150 -0.857 -0.690 -0.534 -0.228 -0.088 0.122 0.230 0.316 0.301 0.263 0.220 0.150 0.072 -0.058 -0.146 -0.159 -0.172 -0.171 -0.162 -0.162 -0.150 -0.163 1.926
6.000 1000.000 -1.521 -1.290 -1.002 -0.837 -0.692 -0.393 -0.266 -0.072 0.018 0.077 0.039 -0.026 -0.090 -0.183 -0.284 -0.432 -0.536 -0.525 -0.531 -0.528 -0.515 -0.495 -0.466 -0.482 1.718
6.000 1200.000 -1.639 -1.408 -1.123 -0.961 -0.826 -0.535 -0.423 -0.248 -0.177 -0.151 -0.214 -0.306 -0.393 -0.508 -0.630 -0.794 -0.911 -0.878 -0.878 -0.876 -0.859 -0.822 -0.778 -0.796 1.520
6.000 1500.000 -1.818 -1.584 -1.301 -1.143 -1.022 -0.744 -0.652 -0.506 -0.466 -0.486 -0.585 -0.712 -0.829 -0.974 -1.121 -1.302 -1.438 -1.376 -1.369 -1.374 -1.354 -1.295 -1.234 -1.255 1.239
6.500 0.000 0.601 0.840 1.150 1.324 1.544 1.838 2.019 2.249 2.392 2.551 2.632 2.713 2.777 2.847 2.935 3.037 3.094 3.144 3.142 3.125 3.089 3.042 2.893 2.870 4.368
6.500 1.000 0.589 0.828 1.136 1.311 1.531 1.826 2.007 2.234 2.379 2.536 2.618 2.696 2.761 2.831 2.917 3.019 3.075 3.124 3.121 3.102 3.067 3.016 2.863 2.840 4.356
6.500 5.000 0.517 0.756 1.062 1.238 1.461 1.755 1.938 2.161 2.308 2.460 2.543 2.617 2.683 2.752 2.837 2.938 2.991 3.044 3.042 3.022 2.991 2.938 2.782 2.758 4.291
6.500 10.000 0.425 0.664 0.969 1.144 1.367 1.661 1.843 2.064 2.210 2.360 2.442 2.514 2.579 2.644 2.727 2.823 2.872 2.925 2.923 2.903 2.874 2.823 2.673 2.649 4.185
6.500 15.000 0.337 0.575 0.880 1.055 1.276 1.570 1.751 1.972 2.118 2.267 2.348 2.420 2.483 2.547 2.627 2.720 2.767 2.818 2.814 2.794 2.764 2.714 2.566 2.543 4.084
6.500 20.000 0.262 0.500 0.804 0.978 1.197 1.491 1.671 1.892 2.038 2.187 2.267 2.338 2.401 2.463 2.542 2.632 2.676 2.724 2.718 2.696 2.665 2.614 2.469 2.446 3.997
6.500 25.000 0.197 0.434 0.738 0.911 1.128 1.421 1.600 1.822 1.967 2.117 2.195 2.266 2.328 2.388 2.465 2.552 2.593 2.635 2.627 2.605 2.572 2.521 2.377 2.355 3.917
6.500 30.000 0.139 0.375 0.678 0.851 1.065 1.358 1.537 1.759 1.903 2.054 2.131 2.202 2.263 2.322 2.397 2.481 2.520 2.559 2.548 2.524 2.492 2.439 2.297 2.276 3.846
6.500 40.000 0.042 0.277 0.579 0.752 0.960 1.254 1.430 1.653 1.797 1.949 2.024 2.095 2.154 2.210 2.283 2.363 2.397 2.430 2.416 2.390 2.356 2.301 2.162 2.140 3.733
6.500 50.000 -0.039 0.195 0.497 0.668 0.873 1.167 1.341 1.564 1.708 1.860 1.934 2.005 2.062 2.116 2.187 2.263 2.294 2.322 2.306 2.278 2.244 2.188 2.051 2.030 3.640
6.500 60.000 -0.086 0.148 0.448 0.618 0.821 1.115 1.289 1.511 1.654 1.807 1.880 1.950 2.006 2.060 2.128 2.201 2.229 2.253 2.235 2.207 2.171 2.114 1.978 1.957 3.582
6.500 70.000 -0.114 0.118 0.417 0.587 0.787 1.081 1.252 1.476 1.618 1.771 1.843 1.912 1.968 2.020 2.086 2.156 2.182 2.199 2.178 2.149 2.112 2.053 1.916 1.895 3.534
6.500 80.000 -0.131 0.101 0.397 0.567 0.765 1.059 1.229 1.452 1.594 1.747 1.817 1.886 1.940 1.990 2.055 2.120 2.144 2.156 2.132 2.102 2.064 2.003 1.866 1.846 3.498
6.500 90.000 -0.144 0.086 0.382 0.551 0.747 1.041 1.210 1.433 1.575 1.726 1.795 1.862 1.915 1.964 2.027 2.087 2.109 2.116 2.091 2.060 2.022 1.959 1.823 1.802 3.469
6.500 100.000 -0.157 0.073 0.368 0.536 0.731 1.025 1.193 1.415 1.556 1.707 1.775 1.840 1.892 1.940 2.000 2.056 2.076 2.078 2.051 2.019 1.981 1.917 1.782 1.762 3.443
6.500 110.000 -0.168 0.062 0.355 0.523 0.717 1.010 1.177 1.398 1.539 1.689 1.756 1.819 1.870 1.915 1.973 2.025 2.042 2.040 2.011 1.978 1.941 1.876 1.743 1.723 3.420
6.500 120.000 -0.178 0.051 0.343 0.511 0.703 0.996 1.162 1.383 1.523 1.671 1.737 1.799 1.848 1.892 1.948 1.994 2.009 2.003 1.973 1.940 1.902 1.836 1.706 1.685 3.398
6.500 130.000 -0.192 0.036 0.328 0.495 0.687 0.979 1.144 1.364 1.503 1.651 1.715 1.775 1.823 1.865 1.918 1.960 1.972 1.962 1.931 1.897 1.860 1.794 1.666 1.646 3.374
6.500 140.000 -0.206 0.021 0.312 0.479 0.669 0.962 1.126 1.345 1.484 1.629 1.693 1.751 1.798 1.838 1.888 1.925 1.934 1.921 1.889 1.855 1.818 1.752 1.626 1.606 3.350
6.500 150.000 -0.220 0.007 0.296 0.463 0.653 0.944 1.108 1.326 1.464 1.609 1.671 1.727 1.773 1.811 1.858 1.891 1.897 1.880 1.847 1.813 1.777 1.711 1.588 1.568 3.328
6.500 175.000 -0.255 -0.030 0.257 0.423 0.610 0.901 1.062 1.278 1.414 1.556 1.615 1.666 1.708 1.741 1.781 1.803 1.802 1.778 1.743 1.710 1.675 1.611 1.496 1.477 3.271
6.500 200.000 -0.290 -0.065 0.220 0.385 0.569 0.859 1.018 1.232 1.367 1.505 1.561 1.608 1.647 1.675 1.708 1.719 1.712 1.682 1.645 1.612 1.579 1.515 1.408 1.390 3.216
6.500 250.000 -0.356 -0.134 0.148 0.311 0.492 0.779 0.934 1.145 1.276 1.407 1.458 1.497 1.528 1.547 1.568 1.560 1.542 1.503 1.464 1.434 1.404 1.344 1.252 1.235 3.111
6.500 300.000 -0.414 -0.194 0.085 0.246 0.423 0.708 0.860 1.067 1.194 1.320 1.364 1.395 1.420 1.430 1.439 1.414 1.387 1.341 1.303 1.275 1.249 1.194 1.115 1.100 3.018
6.500 350.000 -0.463 -0.244 0.031 0.191 0.364 0.647 0.794 0.998 1.121 1.240 1.278 1.300 1.318 1.318 1.316 1.274 1.238 1.189 1.152 1.128 1.106 1.057 0.993 0.978 2.936
6.500 400.000 -0.508 -0.291 -0.017 0.141 0.310 0.591 0.734 0.934 1.053 1.165 1.196 1.210 1.221 1.212 1.199 1.143 1.099 1.049 1.014 0.993 0.976 0.933 0.882 0.868 2.860
6.500 450.000 -0.555 -0.339 -0.068 0.090 0.255 0.534 0.674 0.870 0.985 1.090 1.116 1.121 1.125 1.108 1.086 1.017 0.965 0.917 0.884 0.868 0.854 0.817 0.777 0.764 2.785
6.500 500.000 -0.598 -0.383 -0.115 0.042 0.203 0.480 0.617 0.809 0.920 1.019 1.038 1.036 1.034 1.008 0.977 0.896 0.839 0.793 0.763 0.750 0.740 0.708 0.678 0.666 2.715
6.500 600.000 -0.666 -0.453 -0.189 -0.035 0.119 0.392 0.520 0.703 0.804 0.885 0.889 0.869 0.850 0.805 0.754 0.654 0.585 0.556 0.535 0.534 0.534 0.516 0.506 0.495 2.589
6.500 700.000 -0.741 -0.529 -0.268 -0.116 0.032 0.301 0.423 0.598 0.690 0.758 0.750 0.715 0.684 0.626 0.560 0.446 0.369 0.350 0.335 0.338 0.342 0.334 0.338 0.325 2.470
6.500 800.000 -0.801 -0.591 -0.332 -0.182 -0.041 0.224 0.338 0.505 0.588 0.641 0.619 0.569 0.526 0.453 0.373 0.250 0.165 0.161 0.151 0.159 0.168 0.171 0.186 0.172 2.365
6.500 1000.000 -0.931 -0.722 -0.467 -0.320 -0.189 0.068 0.170 0.319 0.386 0.411 0.367 0.291 0.227 0.133 0.032 -0.107 -0.205 -0.184 -0.186 -0.176 -0.165 -0.141 -0.110 -0.128 2.172
6.500 1200.000 -1.046 -0.837 -0.586 -0.442 -0.321 -0.071 0.017 0.148 0.195 0.190 0.121 0.021 -0.063 -0.178 -0.299 -0.449 -0.560 -0.517 -0.513 -0.505 -0.490 -0.451 -0.407 -0.427 1.987
6.500 1500.000 -1.213 -1.003 -0.754 -0.613 -0.507 -0.271 -0.204 -0.102 -0.084 -0.135 -0.239 -0.374 -0.486 -0.629 -0.770 -0.934 -1.063 -0.989 -0.980 -0.978 -0.962 -0.899 -0.839 -0.863 1.725
7.000 0.000 0.933 1.144 1.413 1.566 1.762 2.010 2.163 2.351 2.473 2.607 2.683 2.756 2.820 2.887 2.970 3.070 3.124 3.170 3.167 3.149 3.112 3.065 2.919 2.896 4.484
7.000 1.000 0.922 1.133 1.401 1.554 1.750 1.999 2.152 2.339 2.462 2.594 2.671 2.742 2.806 2.873 2.955 3.054 3.108 3.154 3.150 3.131 3.095 3.044 2.893 2.870 4.472
7.000 5.000 0.868 1.078 1.345 1.498 1.698 1.947 2.101 2.284 2.408 2.535 2.613 2.680 2.746 2.810 2.892 2.989 3.040 3.090 3.085 3.066 3.032 2.980 2.827 2.803 4.427
7.000 10.000 0.795 1.005 1.271 1.424 1.626 1.874 2.028 2.208 2.333 2.456 2.535 2.598 2.664 2.726 2.804 2.898 2.945 2.996 2.993 2.974 2.942 2.892 2.741 2.717 4.352
7.000 15.000 0.724 0.934 1.199 1.353 1.554 1.801 1.955 2.135 2.259 2.381 2.459 2.522 2.586 2.646 2.722 2.814 2.858 2.908 2.904 2.884 2.852 2.804 2.654 2.631 4.273
7.000 20.000 0.661 0.871 1.135 1.288 1.488 1.735 1.889 2.068 2.192 2.314 2.391 2.454 2.517 2.576 2.650 2.740 2.782 2.829 2.823 2.802 2.769 2.721 2.573 2.549 4.204
7.000 25.000 0.606 0.815 1.079 1.231 1.429 1.676 1.829 2.008 2.132 2.254 2.330 2.392 2.455 2.513 2.585 2.672 2.711 2.755 2.746 2.725 2.691 2.641 2.496 2.472 4.140
7.000 30.000 0.558 0.766 1.029 1.182 1.377 1.624 1.776 1.956 2.079 2.202 2.277 2.339 2.400 2.457 2.528 2.612 2.649 2.689 2.679 2.657 2.622 2.572 2.427 2.405 4.084
7.000 40.000 0.474 0.681 0.943 1.095 1.286 1.533 1.684 1.864 1.987 2.111 2.184 2.246 2.306 2.361 2.430 2.510 2.543 2.578 2.565 2.540 2.504 2.452 2.311 2.288 3.987
7.000 50.000 0.405 0.612 0.873 1.024 1.211 1.459 1.608 1.789 1.911 2.037 2.107 2.170 2.229 2.282 2.349 2.426 2.455 2.485 2.470 2.444 2.407 2.354 2.215 2.192 3.910
7.000 60.000 0.365 0.571 0.831 0.981 1.167 1.415 1.562 1.743 1.865 1.991 2.061 2.123 2.181 2.232 2.297 2.371 2.398 2.424 2.406 2.380 2.342 2.289 2.151 2.128 3.860
7.000 70.000 0.342 0.546 0.805 0.954 1.136 1.385 1.531 1.712 1.834 1.961 2.030 2.091 2.148 2.199 2.262 2.332 2.358 2.377 2.356 2.329 2.290 2.234 2.095 2.073 3.818
7.000 80.000 0.328 0.532 0.789 0.938 1.118 1.367 1.512 1.693 1.815 1.941 2.009 2.069 2.125 2.174 2.236 2.302 2.326 2.340 2.317 2.288 2.249 2.190 2.052 2.030 3.788
7.000 90.000 0.317 0.520 0.776 0.925 1.103 1.352 1.495 1.676 1.798 1.923 1.990 2.049 2.104 2.152 2.211 2.273 2.295 2.304 2.279 2.250 2.210 2.150 2.014 1.992 3.762
7.000 100.000 0.307 0.510 0.764 0.913 1.089 1.338 1.480 1.661 1.782 1.907 1.973 2.030 2.084 2.130 2.188 2.246 2.265 2.270 2.243 2.213 2.173 2.112 1.977 1.956 3.739
7.000 110.000 0.298 0.500 0.753 0.902 1.077 1.326 1.467 1.647 1.768 1.892 1.956 2.011 2.064 2.109 2.164 2.217 2.234 2.234 2.207 2.176 2.136 2.074 1.941 1.920 3.720
7.000 120.000 0.288 0.490 0.742 0.890 1.064 1.313 1.453 1.633 1.753 1.876 1.939 1.993 2.044 2.087 2.141 2.189 2.203 2.200 2.170 2.139 2.100 2.037 1.906 1.885 3.700
7.000 130.000 0.277 0.478 0.729 0.877 1.050 1.298 1.438 1.616 1.736 1.858 1.920 1.972 2.022 2.063 2.114 2.158 2.169 2.162 2.132 2.100 2.061 1.998 1.869 1.849 3.679
7.000 140.000 0.264 0.465 0.715 0.862 1.035 1.283 1.421 1.600 1.719 1.839 1.901 1.951 2.000 2.039 2.087 2.127 2.135 2.125 2.093 2.062 2.023 1.960 1.834 1.813 3.658
7.000 150.000 0.252 0.452 0.702 0.849 1.020 1.268 1.406 1.583 1.702 1.821 1.881 1.930 1.977 2.015 2.060 2.095 2.101 2.087 2.054 2.023 1.985 1.922 1.799 1.778 3.640
7.000 175.000 0.220 0.419 0.667 0.813 0.981 1.229 1.364 1.540 1.657 1.774 1.831 1.874 1.919 1.951 1.990 2.014 2.013 1.992 1.958 1.927 1.891 1.829 1.714 1.695 3.590
7.000 200.000 0.189 0.387 0.632 0.778 0.944 1.191 1.324 1.499 1.614 1.728 1.782 1.822 1.863 1.891 1.923 1.937 1.930 1.903 1.868 1.838 1.803 1.742 1.634 1.616 3.542
7.000 250.000 0.128 0.325 0.567 0.711 0.874 1.118 1.248 1.420 1.532 1.639 1.688 1.720 1.754 1.773 1.793 1.789 1.772 1.737 1.700 1.673 1.641 1.584 1.492 1.475 3.449
7.000 300.000 0.079 0.273 0.512 0.655 0.814 1.057 1.183 1.351 1.460 1.562 1.605 1.628 1.656 1.665 1.674 1.653 1.626 1.586 1.549 1.526 1.498 1.447 1.370 1.353 3.369
7.000 350.000 0.033 0.226 0.463 0.604 0.759 1.001 1.123 1.288 1.393 1.488 1.524 1.539 1.560 1.560 1.557 1.520 1.485 1.442 1.406 1.387 1.364 1.318 1.256 1.241 3.296
7.000 400.000 -0.009 0.182 0.416 0.556 0.708 0.948 1.066 1.228 1.329 1.418 1.448 1.455 1.468 1.459 1.446 1.396 1.353 1.310 1.277 1.263 1.244 1.204 1.155 1.140 3.229
7.000 450.000 -0.054 0.137 0.369 0.508 0.656 0.894 1.010 1.168 1.265 1.347 1.371 1.371 1.378 1.360 1.337 1.275 1.225 1.184 1.154 1.143 1.129 1.094 1.057 1.042 3.162
7.000 500.000 -0.094 0.096 0.326 0.464 0.609 0.845 0.957 1.112 1.205 1.281 1.299 1.290 1.291 1.265 1.233 1.160 1.105 1.068 1.040 1.034 1.023 0.995 0.967 0.953 3.098
7.000 600.000 -0.160 0.028 0.255 0.391 0.529 0.761 0.866 1.011 1.095 1.154 1.156 1.130 1.115 1.071 1.019 0.928 0.863 0.841 0.823 0.828 0.826 0.810 0.802 0.789 2.984
7.000 700.000 -0.230 -0.043 0.182 0.316 0.448 0.677 0.775 0.913 0.989 1.034 1.024 0.984 0.957 0.899 0.833 0.730 0.656 0.646 0.632 0.642 0.644 0.639 0.644 0.630 2.874
7.000 800.000 -0.288 -0.102 0.120 0.252 0.378 0.603 0.694 0.824 0.890 0.920 0.898 0.843 0.804 0.733 0.653 0.541 0.462 0.466 0.459 0.473 0.478 0.485 0.500 0.485 2.776
7.000 1000.000 -0.412 -0.228 -0.008 0.121 0.236 0.454 0.532 0.646 0.696 0.698 0.653 0.574 0.515 0.423 0.323 0.199 0.107 0.136 0.136 0.151 0.160 0.186 0.217 0.198 2.601
7.000 1200.000 -0.520 -0.336 -0.120 0.007 0.112 0.321 0.386 0.481 0.512 0.485 0.417 0.314 0.235 0.123 0.006 -0.127 -0.230 -0.179 -0.174 -0.160 -0.148 -0.107 -0.063 -0.085 2.427
7.000 1500.000 -0.677 -0.492 -0.279 -0.156 -0.067 0.129 0.173 0.240 0.242 0.171 0.069 -0.066 -0.170 -0.307 -0.443 -0.587 -0.707 -0.626 -0.616 -0.609 -0.597 -0.532 -0.474 -0.500 2.184
7.500 0.000 1.219 1.399 1.629 1.759 1.930 2.136 2.264 2.419 2.525 2.641 2.715 2.785 2.848 2.912 2.993 3.092 3.145 3.189 3.185 3.168 3.130 3.083 2.936 2.914 4.597
7.500 1.000 1.209 1.390 1.618 1.749 1.921 2.127 2.255 2.409 2.516 2.630 2.705 2.773 2.837 2.901 2.980 3.079 3.132 3.176 3.171 3.152 3.115 3.064 2.914 2.891 4.586
7.500 5.000 1.167 1.348 1.574 1.706 1.881 2.087 2.217 2.366 2.474 2.584 2.660 2.723 2.789 2.851 2.929 3.026 3.076 3.123 3.118 3.098 3.063 3.012 2.858 2.835 4.554
7.500 10.000 1.106 1.287 1.512 1.644 1.823 2.027 2.158 2.305 2.413 2.519 2.596 2.657 2.722 2.783 2.858 2.954 3.000 3.050 3.046 3.027 2.993 2.944 2.790 2.766 4.497
7.500 15.000 1.048 1.229 1.454 1.585 1.765 1.969 2.100 2.246 2.354 2.458 2.534 2.594 2.659 2.718 2.792 2.885 2.929 2.980 2.975 2.956 2.922 2.874 2.721 2.697 4.437
7.500 20.000 0.998 1.178 1.402 1.533 1.712 1.916 2.047 2.192 2.300 2.404 2.480 2.538 2.602 2.660 2.732 2.824 2.865 2.914 2.908 2.888 2.853 2.806 2.654 2.629 4.385
7.500 25.000 0.951 1.131 1.355 1.486 1.663 1.867 1.998 2.143 2.251 2.355 2.430 2.488 2.552 2.609 2.680 2.769 2.808 2.855 2.847 2.826 2.791 2.742 2.591 2.567 4.336
7.500 30.000 0.910 1.089 1.312 1.443 1.619 1.823 1.952 2.098 2.206 2.310 2.384 2.443 2.506 2.562 2.632 2.719 2.757 2.800 2.791 2.769 2.733 2.684 2.534 2.510 4.291
7.500 40.000 0.837 1.015 1.238 1.368 1.540 1.745 1.873 2.019 2.127 2.232 2.305 2.363 2.425 2.479 2.547 2.631 2.665 2.704 2.693 2.669 2.632 2.582 2.435 2.411 4.214
7.500 50.000 0.781 0.959 1.180 1.310 1.479 1.684 1.810 1.957 2.065 2.171 2.242 2.300 2.360 2.413 2.479 2.560 2.591 2.625 2.611 2.587 2.549 2.498 2.354 2.330 4.154
7.500 60.000 0.747 0.924 1.144 1.273 1.440 1.645 1.770 1.918 2.025 2.131 2.201 2.259 2.319 2.371 2.434 2.512 2.541 2.571 2.555 2.531 2.492 2.440 2.298 2.274 4.111
7.500 70.000 0.727 0.904 1.122 1.251 1.415 1.621 1.745 1.893 1.999 2.107 2.176 2.233 2.292 2.343 2.405 2.480 2.507 2.531 2.512 2.487 2.446 2.393 2.251 2.227 4.076
7.500 80.000 0.716 0.892 1.110 1.238 1.400 1.606 1.729 1.877 1.983 2.091 2.159 2.215 2.273 2.323 2.383 2.454 2.480 2.498 2.477 2.451 2.410 2.354 2.212 2.189 4.050
7.500 90.000 0.708 0.883 1.099 1.227 1.388 1.594 1.716 1.863 1.970 2.077 2.144 2.198 2.255 2.304 2.363 2.430 2.453 2.466 2.444 2.417 2.375 2.318 2.178 2.155 4.029
7.500 100.000 0.700 0.875 1.090 1.217 1.376 1.583 1.703 1.851 1.957 2.063 2.130 2.183 2.239 2.286 2.343 2.406 2.427 2.436 2.412 2.384 2.342 2.284 2.145 2.123 4.010
7.500 110.000 0.692 0.866 1.080 1.208 1.365 1.572 1.691 1.839 1.944 2.050 2.115 2.166 2.221 2.267 2.322 2.380 2.399 2.403 2.377 2.349 2.307 2.248 2.111 2.089 3.993
7.500 120.000 0.684 0.858 1.071 1.199 1.355 1.562 1.680 1.827 1.932 2.037 2.101 2.151 2.205 2.248 2.301 2.355 2.371 2.372 2.344 2.315 2.274 2.214 2.079 2.057 3.977
7.500 130.000 0.674 0.847 1.060 1.187 1.342 1.549 1.667 1.813 1.918 2.022 2.085 2.133 2.186 2.227 2.277 2.327 2.341 2.338 2.309 2.280 2.239 2.179 2.047 2.025 3.960
7.500 140.000 0.664 0.836 1.048 1.175 1.329 1.536 1.653 1.799 1.903 2.006 2.068 2.114 2.166 2.206 2.253 2.299 2.310 2.304 2.274 2.244 2.204 2.143 2.014 1.993 3.943
7.500 150.000 0.652 0.824 1.035 1.162 1.315 1.522 1.638 1.783 1.887 1.989 2.050 2.095 2.145 2.183 2.228 2.270 2.278 2.268 2.237 2.208 2.168 2.108 1.982 1.961 3.928
7.500 175.000 0.624 0.795 1.004 1.130 1.281 1.488 1.602 1.746 1.848 1.947 2.005 2.046 2.093 2.127 2.165 2.196 2.198 2.181 2.148 2.120 2.081 2.022 1.904 1.884 3.887
7.500 200.000 0.595 0.766 0.973 1.098 1.247 1.453 1.566 1.708 1.810 1.906 1.962 1.998 2.043 2.072 2.105 2.126 2.122 2.100 2.066 2.038 2.001 1.943 1.833 1.813 3.846
7.500 250.000 0.543 0.712 0.916 1.041 1.187 1.391 1.500 1.640 1.739 1.830 1.880 1.908 1.946 1.966 1.987 1.990 1.976 1.945 1.910 1.887 1.853 1.799 1.706 1.688 3.766
7.500 300.000 0.501 0.668 0.870 0.993 1.135 1.339 1.444 1.581 1.677 1.762 1.806 1.826 1.857 1.867 1.877 1.863 1.839 1.804 1.769 1.750 1.720 1.672 1.595 1.577 3.697
7.500 350.000 0.459 0.625 0.824 0.947 1.085 1.288 1.390 1.524 1.616 1.694 1.732 1.744 1.769 1.770 1.768 1.740 1.707 1.670 1.637 1.623 1.598 1.555 1.493 1.477 3.633
7.500 400.000 0.420 0.585 0.782 0.904 1.038 1.240 1.338 1.469 1.558 1.630 1.661 1.666 1.683 1.676 1.663 1.622 1.582 1.546 1.515 1.505 1.485 1.449 1.400 1.384 3.573
7.500 450.000 0.380 0.545 0.740 0.861 0.992 1.192 1.288 1.415 1.500 1.566 1.591 1.588 1.599 1.583 1.561 1.508 1.462 1.428 1.400 1.395 1.379 1.348 1.311 1.296 3.512
7.500 500.000 0.343 0.507 0.701 0.820 0.949 1.147 1.240 1.364 1.445 1.504 1.523 1.513 1.517 1.493 1.461 1.399 1.347 1.317 1.292 1.292 1.279 1.255 1.228 1.213 3.455
7.500 600.000 0.279 0.442 0.634 0.751 0.874 1.068 1.153 1.270 1.341 1.384 1.388 1.361 1.350 1.308 1.257 1.177 1.116 1.101 1.085 1.095 1.091 1.078 1.070 1.056 3.352
7.500 700.000 0.214 0.376 0.566 0.682 0.799 0.990 1.069 1.178 1.241 1.271 1.264 1.223 1.200 1.145 1.080 0.989 0.920 0.916 0.905 0.920 0.920 0.918 0.922 0.907 3.253
7.500 800.000 0.158 0.319 0.507 0.621 0.731 0.919 0.991 1.092 1.147 1.162 1.141 1.086 1.052 0.984 0.906 0.807 0.734 0.743 0.738 0.757 0.761 0.769 0.784 0.767 3.162
7.500 1000.000 0.040 0.200 0.385 0.497 0.596 0.777 0.837 0.922 0.959 0.947 0.904 0.825 0.772 0.683 0.586 0.476 0.391 0.425 0.427 0.447 0.453 0.481 0.510 0.490 3.005
7.500 1200.000 -0.061 0.098 0.281 0.389 0.478 0.651 0.697 0.764 0.783 0.743 0.677 0.575 0.504 0.398 0.285 0.168 0.074 0.130 0.137 0.155 0.163 0.206 0.247 0.224 2.844
7.500 1500.000 -0.209 -0.049 0.130 0.234 0.305 0.465 0.490 0.529 0.519 0.436 0.338 0.206 0.110 -0.020 -0.149 -0.275 -0.388 -0.303 -0.292 -0.281 -0.273 -0.207 -0.151 -0.179 2.619
7.800 0.000 1.363 1.526 1.733 1.851 2.008 2.191 2.307 2.446 2.544 2.652 2.726 2.794 2.858 2.921 3.000 3.100 3.153 3.197 3.193 3.175 3.137 3.090 2.942 2.919 4.663
7.800 1.000 1.355 1.518 1.724 1.842 2.000 2.183 2.300 2.437 2.537 2.643 2.717 2.784 2.848 2.911 2.989 3.089 3.141 3.185 3.179 3.160 3.123 3.072 2.919 2.897 4.653
7.800 5.000 1.316 1.479 1.684 1.803 1.965 2.147 2.265 2.399 2.499 2.601 2.677 2.740 2.805 2.866 2.943 3.041 3.091 3.137 3.132 3.112 3.076 3.024 2.868 2.845 4.625
7.800 10.000 1.263 1.426 1.629 1.748 1.914 2.095 2.214 2.346 2.446 2.545 2.621 2.681 2.746 2.806 2.881 2.977 3.024 3.074 3.070 3.050 3.015 2.966 2.811 2.786 4.579
7.800 15.000 1.212 1.375 1.577 1.696 1.864 2.044 2.163 2.293 2.394 2.491 2.567 2.625 2.691 2.750 2.822 2.918 2.963 3.013 3.009 2.990 2.955 2.907 2.751 2.726 4.530
7.800 20.000 1.166 1.329 1.531 1.650 1.817 1.997 2.116 2.246 2.347 2.443 2.518 2.576 2.641 2.699 2.770 2.864 2.906 2.956 2.951 2.931 2.895 2.848 2.692 2.667 4.486
7.800 25.000 1.125 1.287 1.488 1.607 1.774 1.954 2.073 2.202 2.302 2.399 2.474 2.531 2.596 2.652 2.723 2.815 2.856 2.904 2.897 2.877 2.840 2.793 2.637 2.612 4.445
7.800 30.000 1.087 1.249 1.450 1.569 1.734 1.914 2.032 2.162 2.262 2.359 2.433 2.490 2.554 2.610 2.680 2.770 2.809 2.855 2.848 2.827 2.790 2.742 2.587 2.562 4.407
7.800 40.000 1.021 1.182 1.382 1.500 1.662 1.842 1.960 2.090 2.190 2.287 2.360 2.417 2.480 2.535 2.602 2.690 2.726 2.767 2.757 2.735 2.697 2.648 2.496 2.472 4.339
7.800 50.000 0.970 1.131 1.330 1.448 1.607 1.788 1.904 2.034 2.134 2.232 2.304 2.361 2.423 2.476 2.542 2.626 2.659 2.697 2.685 2.661 2.622 2.572 2.423 2.399 4.286
7.800 60.000 0.938 1.098 1.296 1.413 1.571 1.752 1.867 1.998 2.097 2.196 2.267 2.323 2.384 2.437 2.501 2.583 2.613 2.647 2.633 2.609 2.569 2.519 2.370 2.346 4.247
7.800 70.000 0.921 1.080 1.277 1.394 1.549 1.731 1.844 1.976 2.075 2.174 2.244 2.300 2.361 2.412 2.475 2.554 2.583 2.610 2.593 2.569 2.527 2.474 2.327 2.303 4.216
7.800 80.000 0.912 1.071 1.267 1.383 1.536 1.718 1.830 1.962 2.062 2.161 2.230 2.285 2.344 2.394 2.455 2.530 2.558 2.579 2.560 2.535 2.492 2.438 2.291 2.268 4.193
7.800 90.000 0.904 1.063 1.257 1.374 1.525 1.707 1.819 1.950 2.049 2.148 2.216 2.270 2.329 2.378 2.437 2.508 2.533 2.550 2.529 2.502 2.460 2.404 2.259 2.236 4.173
7.800 100.000 0.897 1.055 1.249 1.365 1.514 1.697 1.808 1.939 2.038 2.136 2.204 2.256 2.314 2.361 2.419 2.486 2.509 2.522 2.499 2.472 2.429 2.372 2.228 2.205 4.154
7.800 110.000 0.890 1.047 1.240 1.356 1.504 1.687 1.797 1.928 2.027 2.124 2.190 2.241 2.298 2.344 2.399 2.462 2.483 2.491 2.467 2.438 2.396 2.337 2.195 2.173 4.139
7.800 120.000 0.882 1.039 1.231 1.347 1.494 1.678 1.786 1.917 2.015 2.112 2.177 2.226 2.282 2.327 2.380 2.439 2.457 2.461 2.435 2.406 2.364 2.305 2.165 2.143 4.125
7.800 130.000 0.873 1.030 1.221 1.337 1.483 1.666 1.774 1.905 2.002 2.098 2.162 2.210 2.264 2.307 2.358 2.413 2.428 2.429 2.402 2.372 2.330 2.271 2.134 2.112 4.109
7.800 140.000 0.863 1.020 1.210 1.326 1.471 1.654 1.761 1.891 1.989 2.084 2.147 2.193 2.246 2.287 2.336 2.386 2.399 2.396 2.368 2.338 2.297 2.237 2.103 2.082 4.094
7.800 150.000 0.853 1.009 1.199 1.314 1.459 1.642 1.748 1.878 1.975 2.069 2.131 2.175 2.227 2.266 2.312 2.358 2.369 2.362 2.333 2.304 2.263 2.203 2.072 2.051 4.081
7.800 175.000 0.827 0.982 1.170 1.285 1.427 1.610 1.715 1.843 1.939 2.031 2.090 2.130 2.179 2.214 2.254 2.290 2.294 2.280 2.249 2.221 2.181 2.122 2.000 1.980 4.043
7.800 200.000 0.800 0.955 1.142 1.256 1.397 1.579 1.682 1.809 1.904 1.993 2.050 2.086 2.132 2.163 2.197 2.224 2.222 2.203 2.170 2.143 2.104 2.046 1.932 1.913 4.005
7.800 250.000 0.752 0.906 1.090 1.203 1.340 1.522 1.621 1.746 1.838 1.921 1.972 2.000 2.039 2.061 2.083 2.091 2.080 2.052 2.018 1.996 1.961 1.909 1.814 1.796 3.937
7.800 300.000 0.711 0.864 1.045 1.157 1.291 1.472 1.568 1.690 1.779 1.856 1.901 1.922 1.954 1.966 1.977 1.969 1.947 1.915 1.881 1.863 1.833 1.786 1.707 1.691 3.872
7.800 350.000 0.672 0.823 1.002 1.114 1.244 1.424 1.517 1.636 1.722 1.793 1.832 1.844 1.870 1.873 1.873 1.850 1.820 1.785 1.754 1.740 1.715 1.674 1.611 1.595 3.814
7.800 400.000 0.635 0.785 0.963 1.073 1.200 1.380 1.469 1.585 1.667 1.733 1.765 1.770 1.789 1.784 1.773 1.737 1.700 1.666 1.637 1.629 1.608 1.573 1.523 1.508 3.760
7.800 450.000 0.597 0.747 0.923 1.033 1.157 1.335 1.421 1.534 1.613 1.672 1.699 1.696 1.709 1.695 1.674 1.627 1.584 1.552 1.525 1.522 1.505 1.476 1.438 1.423 3.705
7.800 500.000 0.562 0.711 0.886 0.995 1.116 1.293 1.376 1.486 1.561 1.613 1.634 1.624 1.630 1.608 1.578 1.521 1.472 1.444 1.420 1.421 1.407 1.383 1.356 1.341 3.654
7.800 600.000 0.502 0.650 0.823 0.930 1.045 1.218 1.295 1.397 1.462 1.499 1.505 1.478 1.469 1.430 1.381 1.307 1.249 1.236 1.221 1.233 1.228 1.217 1.208 1.195 3.556
7.800 700.000 0.439 0.586 0.758 0.863 0.973 1.143 1.213 1.308 1.366 1.389 1.384 1.343 1.323 1.270 1.207 1.122 1.058 1.056 1.046 1.063 1.062 1.060 1.064 1.050 3.464
7.800 800.000 0.386 0.532 0.702 0.806 0.909 1.076 1.139 1.226 1.275 1.283 1.265 1.210 1.179 1.113 1.037 0.944 0.874 0.887 0.882 0.903 0.906 0.915 0.929 0.913 3.379
7.800 1000.000 0.273 0.419 0.586 0.688 0.779 0.939 0.990 1.061 1.093 1.074 1.032 0.953 0.903 0.817 0.722 0.619 0.539 0.575 0.578 0.600 0.606 0.633 0.662 0.643 3.233
7.800 1200.000 0.173 0.319 0.483 0.582 0.662 0.815 0.853 0.907 0.921 0.874 0.811 0.711 0.644 0.542 0.433 0.323 0.233 0.290 0.297 0.317 0.324 0.366 0.406 0.383 3.080
7.800 1500.000 0.031 0.176 0.337 0.430 0.494 0.634 0.650 0.676 0.662 0.574 0.480 0.351 0.259 0.134 0.009 -0.109 -0.217 -0.132 -0.122 -0.110 -0.103 -0.038 0.016 -0.012 2.866
8.000 0.000 1.448 1.600 1.792 1.902 2.052 2.220 2.329 2.459 2.553 2.657 2.730 2.798 2.862 2.924 3.003 3.103 3.157 3.201 3.196 3.179 3.140 3.093 2.944 2.921 4.708
8.000 1.000 1.440 1.592 1.783 1.894 2.044 2.212 2.322 2.450 2.546 2.648 2.722 2.788 2.853 2.915 2.993 3.093 3.146 3.189 3.184 3.165 3.127 3.075 2.921 2.898 4.696
8.000 5.000 1.404 1.556 1.746 1.857 2.011 2.179 2.290 2.415 2.511 2.609 2.684 2.747 2.813 2.873 2.949 3.048 3.099 3.145 3.139 3.119 3.082 3.030 2.872 2.849 4.670
8.000 10.000 1.356 1.508 1.697 1.809 1.966 2.133 2.245 2.367 2.463 2.558 2.634 2.693 2.759 2.818 2.892 2.990 3.037 3.086 3.082 3.063 3.027 2.978 2.821 2.797 4.632
8.000 15.000 1.309 1.461 1.650 1.761 1.920 2.086 2.199 2.320 2.416 2.509 2.585 2.643 2.709 2.767 2.839 2.936 2.981 3.032 3.028 3.008 2.972 2.925 2.767 2.742 4.588
8.000 20.000 1.267 1.419 1.606 1.718 1.878 2.043 2.156 2.276 2.372 2.464 2.540 2.597 2.663 2.720 2.791 2.886 2.929 2.980 2.975 2.955 2.919 2.872 2.714 2.689 4.550
8.000 25.000 1.229 1.380 1.567 1.678 1.837 2.003 2.115 2.235 2.332 2.423 2.499 2.555 2.620 2.677 2.747 2.840 2.882 2.931 2.925 2.905 2.869 2.822 2.665 2.639 4.513
8.000 30.000 1.194 1.345 1.531 1.642 1.800 1.966 2.078 2.198 2.294 2.386 2.461 2.517 2.582 2.638 2.707 2.799 2.839 2.887 2.880 2.860 2.822 2.775 2.619 2.594 4.480
8.000 40.000 1.131 1.282 1.468 1.578 1.733 1.899 2.010 2.130 2.226 2.319 2.393 2.449 2.512 2.567 2.634 2.724 2.761 2.804 2.795 2.773 2.735 2.686 2.533 2.508 4.417
8.000 50.000 1.084 1.234 1.419 1.530 1.683 1.849 1.959 2.080 2.175 2.269 2.341 2.397 2.460 2.513 2.578 2.665 2.699 2.739 2.728 2.705 2.666 2.617 2.465 2.440 4.369
8.000 60.000 1.053 1.203 1.387 1.496 1.648 1.815 1.923 2.045 2.140 2.234 2.306 2.362 2.424 2.476 2.540 2.624 2.656 2.692 2.679 2.656 2.616 2.566 2.415 2.390 4.334
8.000 70.000 1.038 1.187 1.370 1.479 1.628 1.796 1.903 2.025 2.121 2.215 2.286 2.341 2.402 2.454 2.516 2.597 2.628 2.657 2.642 2.618 2.576 2.524 2.373 2.350 4.305
8.000 80.000 1.030 1.178 1.360 1.469 1.616 1.784 1.891 2.013 2.108 2.202 2.272 2.327 2.387 2.437 2.498 2.575 2.604 2.628 2.610 2.585 2.543 2.489 2.339 2.316 4.283
8.000 90.000 1.023 1.171 1.352 1.461 1.606 1.774 1.879 2.002 2.097 2.191 2.260 2.313 2.372 2.422 2.481 2.554 2.581 2.601 2.581 2.554 2.512 2.456 2.308 2.285 4.264
8.000 100.000 1.016 1.163 1.344 1.452 1.596 1.765 1.869 1.991 2.086 2.180 2.248 2.300 2.358 2.407 2.464 2.534 2.559 2.574 2.552 2.525 2.482 2.425 2.278 2.255 4.246
8.000 110.000 1.009 1.156 1.335 1.444 1.586 1.755 1.859 1.981 2.075 2.168 2.235 2.286 2.343 2.390 2.446 2.511 2.533 2.544 2.521 2.493 2.450 2.392 2.247 2.224 4.231
8.000 120.000 1.002 1.149 1.327 1.436 1.577 1.746 1.849 1.970 2.065 2.157 2.223 2.272 2.328 2.373 2.427 2.489 2.509 2.515 2.490 2.461 2.419 2.360 2.218 2.195 4.217
8.000 130.000 0.993 1.140 1.318 1.426 1.567 1.736 1.838 1.959 2.053 2.144 2.209 2.256 2.312 2.355 2.406 2.463 2.481 2.484 2.457 2.428 2.386 2.327 2.187 2.165 4.203
8.000 140.000 0.984 1.130 1.308 1.416 1.556 1.724 1.826 1.947 2.040 2.131 2.194 2.240 2.294 2.336 2.385 2.438 2.453 2.452 2.424 2.395 2.353 2.294 2.158 2.136 4.189
8.000 150.000 0.975 1.120 1.297 1.405 1.544 1.713 1.813 1.934 2.027 2.117 2.179 2.224 2.277 2.317 2.363 2.412 2.424 2.420 2.391 2.363 2.321 2.262 2.128 2.107 4.177
8.000 175.000 0.949 1.094 1.270 1.377 1.514 1.683 1.782 1.901 1.993 2.080 2.140 2.181 2.230 2.266 2.307 2.346 2.352 2.341 2.310 2.282 2.242 2.184 2.059 2.039 4.141
8.000 200.000 0.925 1.069 1.243 1.350 1.486 1.654 1.752 1.870 1.960 2.045 2.103 2.139 2.186 2.218 2.253 2.282 2.283 2.266 2.233 2.206 2.167 2.110 1.993 1.974 4.105
8.000 250.000 0.880 1.023 1.194 1.300 1.432 1.600 1.694 1.810 1.898 1.977 2.028 2.057 2.097 2.119 2.142 2.153 2.143 2.117 2.085 2.062 2.028 1.976 1.880 1.862 4.043
8.000 300.000 0.839 0.981 1.150 1.256 1.384 1.552 1.642 1.755 1.840 1.914 1.959 1.979 2.013 2.026 2.038 2.032 2.013 1.982 1.950 1.932 1.902 1.856 1.777 1.760 3.983
8.000 350.000 0.801 0.942 1.110 1.214 1.339 1.506 1.594 1.704 1.786 1.853 1.893 1.905 1.932 1.936 1.938 1.917 1.890 1.857 1.827 1.814 1.789 1.748 1.685 1.669 3.930
8.000 400.000 0.765 0.906 1.072 1.175 1.298 1.463 1.548 1.655 1.734 1.795 1.829 1.834 1.854 1.849 1.840 1.807 1.773 1.741 1.712 1.705 1.684 1.650 1.600 1.585 3.880
8.000 450.000 0.729 0.870 1.034 1.137 1.256 1.421 1.502 1.607 1.682 1.737 1.765 1.762 1.776 1.763 1.744 1.700 1.659 1.628 1.602 1.600 1.582 1.553 1.515 1.501 3.829
8.000 500.000 0.695 0.835 0.998 1.100 1.216 1.380 1.459 1.560 1.632 1.680 1.702 1.692 1.700 1.679 1.650 1.596 1.549 1.522 1.499 1.500 1.487 1.463 1.435 1.421 3.781
8.000 600.000 0.638 0.777 0.938 1.039 1.149 1.309 1.381 1.474 1.537 1.570 1.577 1.550 1.543 1.505 1.457 1.386 1.331 1.320 1.306 1.319 1.314 1.302 1.294 1.280 3.687
8.000 700.000 0.577 0.715 0.875 0.974 1.078 1.236 1.302 1.388 1.443 1.462 1.458 1.418 1.399 1.348 1.286 1.205 1.143 1.143 1.134 1.152 1.151 1.150 1.153 1.139 3.600
8.000 800.000 0.525 0.663 0.821 0.918 1.016 1.171 1.230 1.309 1.354 1.360 1.342 1.289 1.259 1.195 1.121 1.031 0.963 0.975 0.970 0.991 0.993 1.003 1.017 1.001 3.518
8.000 1000.000 0.416 0.553 0.709 0.804 0.890 1.038 1.084 1.148 1.176 1.154 1.114 1.036 0.988 0.905 0.812 0.713 0.636 0.671 0.674 0.697 0.703 0.729 0.758 0.738 3.379
8.000 1200.000 0.318 0.455 0.608 0.700 0.776 0.916 0.949 0.995 1.006 0.957 0.896 0.797 0.732 0.633 0.525 0.420 0.333 0.390 0.397 0.418 0.425 0.466 0.505 0.482 3.231
8.000 1500.000 0.178 0.314 0.463 0.551 0.608 0.736 0.749 0.767 0.751 0.662 0.571 0.445 0.358 0.237 0.114 0.001 -0.104 -0.022 -0.012 -0.000 0.006 0.069 0.122 0.093 3.025
8.200 0.000 1.529 1.670 1.849 1.951 2.093 2.248 2.351 2.472 2.563 2.662 2.735 2.802 2.865 2.926 3.003 3.102 3.156 3.198 3.194 3.177 3.139 3.091 2.943 2.921 4.750
8.200 1.000 1.520 1.661 1.839 1.942 2.084 2.239 2.342 2.462 2.554 2.652 2.726 2.791 2.856 2.916 2.993 3.092 3.146 3.188 3.182 3.163 3.126 3.074 2.921 2.899 4.737
8.200 5.000 1.485 1.626 1.803 1.906 2.053 2.207 2.312 2.428 2.521 2.615 2.690 2.753 2.818 2.878 2.953 3.052 3.103 3.147 3.142 3.122 3.085 3.033 2.875 2.851 4.712
8.200 10.000 1.443 1.584 1.759 1.863 2.014 2.167 2.272 2.387 2.479 2.570 2.646 2.705 2.771 2.829 2.902 3.000 3.048 3.096 3.092 3.073 3.036 2.988 2.830 2.805 4.682
8.200 15.000 1.400 1.542 1.716 1.820 1.973 2.125 2.232 2.345 2.437 2.526 2.602 2.660 2.726 2.783 2.854 2.951 2.997 3.047 3.043 3.024 2.987 2.941 2.781 2.755 4.645
8.200 20.000 1.361 1.503 1.676 1.780 1.934 2.086 2.192 2.304 2.397 2.485 2.561 2.617 2.683 2.740 2.809 2.905 2.949 2.999 2.995 2.976 2.939 2.892 2.733 2.707 4.611
8.200 25.000 1.326 1.467 1.640 1.744 1.897 2.049 2.155 2.267 2.360 2.447 2.523 2.579 2.644 2.700 2.769 2.863 2.905 2.955 2.950 2.931 2.894 2.848 2.690 2.664 4.579
8.200 30.000 1.293 1.434 1.607 1.710 1.862 2.015 2.120 2.232 2.325 2.412 2.488 2.543 2.608 2.664 2.732 2.825 2.866 2.915 2.909 2.889 2.852 2.806 2.648 2.622 4.550
8.200 40.000 1.235 1.375 1.547 1.651 1.800 1.952 2.057 2.169 2.262 2.350 2.424 2.479 2.543 2.597 2.664 2.754 2.792 2.837 2.829 2.808 2.770 2.723 2.567 2.542 4.493
8.200 50.000 1.191 1.331 1.503 1.606 1.753 1.906 2.010 2.123 2.215 2.303 2.376 2.431 2.494 2.547 2.612 2.700 2.735 2.777 2.767 2.746 2.706 2.658 2.504 2.479 4.449
8.200 60.000 1.161 1.301 1.471 1.574 1.720 1.873 1.977 2.090 2.181 2.271 2.343 2.398 2.460 2.513 2.576 2.662 2.695 2.733 2.721 2.699 2.659 2.610 2.456 2.432 4.417
8.200 70.000 1.148 1.287 1.457 1.559 1.703 1.856 1.959 2.072 2.164 2.254 2.325 2.379 2.441 2.493 2.554 2.637 2.669 2.700 2.686 2.663 2.621 2.570 2.417 2.393 4.390
8.200 80.000 1.141 1.279 1.448 1.550 1.692 1.846 1.947 2.061 2.152 2.242 2.313 2.366 2.427 2.477 2.538 2.617 2.646 2.673 2.656 2.631 2.589 2.536 2.385 2.361 4.370
8.200 90.000 1.133 1.271 1.440 1.541 1.682 1.837 1.937 2.050 2.142 2.232 2.301 2.354 2.414 2.463 2.522 2.597 2.625 2.647 2.628 2.602 2.559 2.505 2.354 2.331 4.351
8.200 100.000 1.127 1.265 1.432 1.534 1.673 1.828 1.927 2.041 2.132 2.222 2.290 2.342 2.401 2.449 2.506 2.578 2.604 2.621 2.601 2.574 2.531 2.475 2.326 2.303 4.334
8.200 110.000 1.120 1.257 1.424 1.525 1.663 1.819 1.917 2.030 2.121 2.210 2.278 2.328 2.386 2.433 2.488 2.556 2.579 2.592 2.570 2.543 2.500 2.443 2.296 2.273 4.320
8.200 120.000 1.114 1.251 1.417 1.518 1.655 1.810 1.908 2.021 2.112 2.200 2.266 2.315 2.372 2.417 2.471 2.534 2.556 2.564 2.541 2.513 2.470 2.412 2.267 2.245 4.307
8.200 130.000 1.106 1.242 1.408 1.509 1.645 1.800 1.897 2.010 2.100 2.188 2.253 2.300 2.356 2.400 2.451 2.510 2.529 2.534 2.509 2.480 2.438 2.380 2.238 2.216 4.294
8.200 140.000 1.097 1.233 1.398 1.499 1.635 1.790 1.886 1.999 2.088 2.175 2.239 2.285 2.340 2.381 2.430 2.486 2.501 2.503 2.477 2.448 2.406 2.348 2.209 2.188 4.281
8.200 150.000 1.089 1.224 1.389 1.490 1.624 1.779 1.875 1.987 2.076 2.162 2.226 2.270 2.323 2.363 2.410 2.461 2.474 2.473 2.445 2.417 2.375 2.317 2.182 2.160 4.270
8.200 175.000 1.064 1.199 1.362 1.463 1.595 1.751 1.845 1.956 2.044 2.127 2.188 2.228 2.279 2.315 2.356 2.397 2.405 2.396 2.367 2.339 2.299 2.242 2.115 2.095 4.236
8.200 200.000 1.041 1.176 1.337 1.438 1.569 1.724 1.817 1.927 2.014 2.095 2.153 2.189 2.237 2.269 2.304 2.337 2.338 2.323 2.292 2.266 2.226 2.170 2.051 2.032 4.202
8.200 250.000 0.999 1.133 1.292 1.391 1.519 1.674 1.763 1.870 1.955 2.030 2.082 2.110 2.150 2.173 2.197 2.210 2.201 2.178 2.146 2.124 2.090 2.039 1.942 1.924 4.146
8.200 300.000 0.958 1.091 1.249 1.348 1.472 1.626 1.713 1.817 1.899 1.968 2.015 2.035 2.069 2.083 2.095 2.092 2.074 2.046 2.015 1.998 1.968 1.923 1.844 1.827 4.091
8.200 350.000 0.922 1.054 1.210 1.308 1.429 1.583 1.666 1.768 1.847 1.910 1.950 1.963 1.990 1.995 1.997 1.980 1.954 1.924 1.895 1.883 1.858 1.819 1.755 1.740 4.042
8.200 400.000 0.888 1.020 1.173 1.271 1.389 1.542 1.622 1.722 1.797 1.854 1.888 1.893 1.914 1.911 1.902 1.872 1.839 1.810 1.783 1.777 1.756 1.723 1.673 1.658 3.995
8.200 450.000 0.854 0.985 1.138 1.235 1.350 1.502 1.579 1.676 1.748 1.799 1.827 1.825 1.840 1.828 1.809 1.768 1.728 1.700 1.675 1.673 1.655 1.627 1.589 1.575 3.950
8.200 500.000 0.821 0.952 1.104 1.200 1.312 1.463 1.537 1.631 1.699 1.744 1.767 1.757 1.765 1.745 1.717 1.666 1.621 1.596 1.573 1.576 1.562 1.539 1.512 1.498 3.905
8.200 600.000 0.767 0.897 1.047 1.141 1.247 1.396 1.463 1.549 1.608 1.637 1.645 1.619 1.613 1.576 1.529 1.462 1.410 1.400 1.386 1.401 1.396 1.385 1.377 1.363 3.814
8.200 700.000 0.707 0.837 0.985 1.079 1.179 1.325 1.386 1.465 1.516 1.532 1.528 1.488 1.471 1.421 1.360 1.282 1.223 1.225 1.217 1.236 1.235 1.235 1.239 1.224 3.733
8.200 800.000 0.658 0.787 0.934 1.026 1.120 1.262 1.317 1.388 1.431 1.432 1.415 1.361 1.333 1.271 1.197 1.111 1.047 1.060 1.057 1.079 1.081 1.092 1.106 1.089 3.654
8.200 1000.000 0.553 0.682 0.826 0.915 0.998 1.134 1.176 1.231 1.257 1.230 1.192 1.114 1.068 0.987 0.894 0.799 0.725 0.762 0.765 0.789 0.795 0.821 0.849 0.829 3.523
8.200 1200.000 0.458 0.585 0.728 0.814 0.885 1.014 1.042 1.080 1.089 1.035 0.976 0.878 0.816 0.718 0.612 0.511 0.427 0.484 0.491 0.513 0.519 0.560 0.598 0.575 3.381
8.200 1500.000 0.324 0.451 0.589 0.670 0.723 0.838 0.845 0.855 0.835 0.741 0.650 0.523 0.438 0.319 0.198 0.091 -0.012 0.074 0.084 0.098 0.104 0.168 0.220 0.191 3.182
