NGA-East_Model_08 NGA-East USGS GMM as published in PEER Report No. 2017/03, distance is Rrup. Log10 hazard values in cgs units. Uses NRCan simplified, magnitude-independent sigma
          11 34 25 : nmag, ndist, nperiod
          10.000 7.519 5.000 4.000 3.003 2.000 1.499 1.000 0.750 0.500 0.400 0.300 0.250 0.200 0.150 0.100 0.075 0.050 0.040 0.030 0.025 0.020 0.010 PGA PGV
          0.62 0.62 0.62 0.62 0.62 0.62 0.62 0.62 0.60 0.58 0.56 0.54 0.53 0.53 0.53 0.53 0.53 0.53 0.53 0.53 0.53 0.53 0.53 0.53 0.62
4.000 0.000 -1.304 -0.991 -0.588 -0.358 -0.068 0.345 0.625 1.030 1.306 1.675 1.862 2.065 2.190 2.326 2.477 2.652 2.743 2.877 2.910 2.917 2.903 2.870 2.690 2.661 3.697
4.000 1.000 -1.387 -1.075 -0.673 -0.443 -0.154 0.259 0.539 0.943 1.220 1.589 1.776 1.978 2.104 2.241 2.397 2.573 2.668 2.804 2.838 2.846 2.835 2.800 2.620 2.592 3.609
4.000 5.000 -1.774 -1.464 -1.062 -0.834 -0.563 -0.144 0.131 0.544 0.824 1.207 1.395 1.609 1.738 1.882 2.056 2.243 2.354 2.484 2.517 2.520 2.504 2.463 2.283 2.256 3.163
4.000 10.000 -2.057 -1.748 -1.346 -1.119 -0.859 -0.437 -0.167 0.250 0.531 0.919 1.104 1.323 1.449 1.591 1.767 1.955 2.064 2.191 2.220 2.218 2.197 2.154 1.975 1.949 2.854
4.000 15.000 -2.260 -1.952 -1.549 -1.323 -1.068 -0.647 -0.377 0.040 0.320 0.709 0.892 1.113 1.236 1.375 1.548 1.731 1.835 1.955 1.979 1.971 1.947 1.903 1.724 1.698 2.616
4.000 20.000 -2.421 -2.115 -1.710 -1.485 -1.233 -0.812 -0.543 -0.126 0.153 0.542 0.723 0.945 1.066 1.202 1.373 1.552 1.651 1.765 1.786 1.774 1.747 1.701 1.522 1.496 2.424
4.000 25.000 -2.558 -2.252 -1.846 -1.622 -1.373 -0.952 -0.684 -0.266 0.012 0.402 0.580 0.804 0.923 1.057 1.225 1.402 1.497 1.606 1.624 1.609 1.579 1.532 1.352 1.326 2.264
4.000 30.000 -2.668 -2.363 -1.957 -1.733 -1.486 -1.066 -0.799 -0.381 -0.104 0.286 0.464 0.688 0.806 0.938 1.104 1.279 1.370 1.475 1.490 1.473 1.441 1.393 1.214 1.189 2.135
4.000 40.000 -2.845 -2.540 -2.133 -1.910 -1.666 -1.248 -0.981 -0.563 -0.287 0.102 0.278 0.502 0.618 0.747 0.909 1.079 1.164 1.264 1.275 1.254 1.219 1.172 0.994 0.968 1.934
4.000 50.000 -2.981 -2.678 -2.269 -2.047 -1.806 -1.388 -1.122 -0.705 -0.430 -0.041 0.132 0.357 0.470 0.597 0.755 0.921 1.000 1.094 1.102 1.076 1.040 0.992 0.814 0.789 1.779
4.000 60.000 -3.061 -2.758 -2.350 -2.128 -1.886 -1.470 -1.203 -0.788 -0.514 -0.127 0.046 0.269 0.382 0.506 0.659 0.822 0.896 0.985 0.990 0.962 0.923 0.876 0.699 0.673 1.681
4.000 70.000 -3.112 -2.810 -2.403 -2.182 -1.941 -1.525 -1.260 -0.845 -0.572 -0.186 -0.014 0.208 0.319 0.442 0.593 0.750 0.823 0.903 0.904 0.875 0.835 0.784 0.606 0.581 1.603
4.000 80.000 -3.150 -2.849 -2.442 -2.221 -1.981 -1.566 -1.301 -0.888 -0.615 -0.231 -0.060 0.161 0.271 0.393 0.541 0.694 0.764 0.837 0.836 0.804 0.762 0.709 0.529 0.505 1.543
4.000 90.000 -3.180 -2.879 -2.473 -2.252 -2.013 -1.599 -1.334 -0.922 -0.650 -0.267 -0.097 0.122 0.231 0.351 0.496 0.645 0.712 0.779 0.775 0.741 0.699 0.643 0.462 0.439 1.493
4.000 100.000 -3.207 -2.906 -2.501 -2.281 -2.042 -1.628 -1.365 -0.953 -0.682 -0.300 -0.131 0.086 0.194 0.313 0.455 0.599 0.663 0.724 0.718 0.682 0.639 0.581 0.400 0.377 1.448
4.000 110.000 -3.231 -2.932 -2.526 -2.307 -2.069 -1.655 -1.392 -0.982 -0.711 -0.331 -0.163 0.052 0.159 0.276 0.416 0.555 0.616 0.672 0.664 0.625 0.582 0.522 0.342 0.319 1.406
4.000 120.000 -3.254 -2.955 -2.551 -2.331 -2.094 -1.681 -1.419 -1.009 -0.739 -0.361 -0.194 0.020 0.126 0.241 0.379 0.513 0.571 0.621 0.611 0.571 0.527 0.466 0.287 0.265 1.366
4.000 130.000 -3.279 -2.981 -2.576 -2.357 -2.120 -1.708 -1.446 -1.038 -0.768 -0.392 -0.225 -0.014 0.091 0.205 0.339 0.469 0.523 0.568 0.556 0.514 0.470 0.408 0.230 0.208 1.325
4.000 140.000 -3.304 -3.006 -2.602 -2.383 -2.146 -1.735 -1.473 -1.066 -0.797 -0.422 -0.257 -0.046 0.057 0.169 0.300 0.425 0.476 0.516 0.501 0.458 0.413 0.351 0.174 0.152 1.284
4.000 150.000 -3.329 -3.032 -2.628 -2.410 -2.173 -1.763 -1.501 -1.095 -0.827 -0.454 -0.289 -0.081 0.022 0.132 0.260 0.381 0.428 0.463 0.447 0.402 0.357 0.294 0.119 0.097 1.244
4.000 175.000 -3.392 -3.095 -2.692 -2.475 -2.239 -1.830 -1.570 -1.166 -0.900 -0.530 -0.368 -0.164 -0.064 0.042 0.163 0.273 0.312 0.336 0.315 0.267 0.221 0.158 -0.011 -0.032 1.147
4.000 200.000 -3.447 -3.152 -2.750 -2.533 -2.298 -1.891 -1.632 -1.230 -0.966 -0.600 -0.440 -0.239 -0.142 -0.040 0.073 0.173 0.204 0.218 0.193 0.143 0.096 0.033 -0.132 -0.152 1.060
4.000 250.000 -3.546 -3.252 -2.852 -2.637 -2.406 -2.001 -1.745 -1.346 -1.087 -0.726 -0.572 -0.379 -0.289 -0.196 -0.096 -0.018 -0.001 -0.005 -0.036 -0.088 -0.134 -0.194 -0.343 -0.362 0.899
4.000 300.000 -3.629 -3.337 -2.940 -2.726 -2.498 -2.095 -1.842 -1.447 -1.191 -0.837 -0.689 -0.504 -0.420 -0.336 -0.248 -0.190 -0.187 -0.205 -0.240 -0.292 -0.337 -0.393 -0.527 -0.544 0.759
4.000 350.000 -3.702 -3.411 -3.015 -2.803 -2.578 -2.177 -1.928 -1.536 -1.284 -0.936 -0.794 -0.616 -0.540 -0.465 -0.389 -0.351 -0.361 -0.390 -0.428 -0.481 -0.523 -0.575 -0.694 -0.710 0.634
4.000 400.000 -3.767 -3.477 -3.083 -2.872 -2.651 -2.251 -2.005 -1.617 -1.369 -1.027 -0.891 -0.722 -0.652 -0.586 -0.523 -0.503 -0.525 -0.564 -0.603 -0.656 -0.695 -0.743 -0.848 -0.863 0.515
4.000 450.000 -3.827 -3.539 -3.148 -2.938 -2.722 -2.323 -2.081 -1.695 -1.451 -1.115 -0.987 -0.826 -0.764 -0.708 -0.655 -0.654 -0.688 -0.732 -0.772 -0.823 -0.859 -0.901 -0.992 -1.006 0.403
4.000 500.000 -3.883 -3.595 -3.207 -2.998 -2.788 -2.389 -2.151 -1.768 -1.529 -1.198 -1.077 -0.924 -0.870 -0.823 -0.781 -0.798 -0.843 -0.891 -0.931 -0.980 -1.012 -1.048 -1.126 -1.139 0.299
4.000 600.000 -3.975 -3.689 -3.306 -3.099 -2.896 -2.500 -2.272 -1.898 -1.670 -1.358 -1.255 -1.125 -1.091 -1.067 -1.052 -1.106 -1.173 -1.212 -1.244 -1.281 -1.299 -1.320 -1.364 -1.374 0.109
4.000 700.000 -4.067 -3.782 -3.402 -3.196 -3.001 -2.607 -2.386 -2.020 -1.800 -1.502 -1.415 -1.301 -1.283 -1.277 -1.280 -1.361 -1.444 -1.483 -1.512 -1.546 -1.557 -1.570 -1.597 -1.605 -0.063
4.000 800.000 -4.151 -3.866 -3.488 -3.284 -3.095 -2.704 -2.490 -2.132 -1.923 -1.641 -1.570 -1.475 -1.472 -1.484 -1.507 -1.613 -1.711 -1.743 -1.767 -1.797 -1.804 -1.803 -1.812 -1.822 -0.221
4.000 1000.000 -4.326 -4.040 -3.664 -3.461 -3.280 -2.894 -2.692 -2.350 -2.159 -1.908 -1.864 -1.800 -1.825 -1.868 -1.921 -2.063 -2.184 -2.201 -2.218 -2.245 -2.244 -2.224 -2.209 -2.221 -0.501
4.000 1200.000 -4.472 -4.183 -3.809 -3.606 -3.433 -3.052 -2.864 -2.542 -2.373 -2.160 -2.145 -2.117 -2.170 -2.243 -2.327 -2.501 -2.640 -2.640 -2.650 -2.676 -2.667 -2.630 -2.594 -2.606 -0.767
4.000 1500.000 -4.696 -4.400 -4.023 -3.820 -3.656 -3.284 -3.115 -2.822 -2.684 -2.526 -2.554 -2.575 -2.668 -2.783 -2.907 -3.122 -3.288 -3.268 -3.271 -3.303 -3.289 -3.229 -3.170 -3.183 -1.148
4.500 0.000 -0.898 -0.587 -0.181 0.049 0.338 0.753 1.032 1.426 1.689 2.018 2.179 2.341 2.442 2.552 2.676 2.821 2.900 3.003 3.023 3.017 2.994 2.954 2.779 2.752 3.922
4.500 1.000 -0.954 -0.644 -0.240 -0.010 0.279 0.695 0.973 1.366 1.629 1.958 2.119 2.280 2.381 2.492 2.618 2.763 2.846 2.949 2.969 2.964 2.944 2.901 2.724 2.697 3.862
4.500 5.000 -1.264 -0.956 -0.552 -0.323 -0.046 0.373 0.648 1.046 1.312 1.648 1.809 1.978 2.081 2.194 2.334 2.489 2.582 2.690 2.713 2.707 2.687 2.642 2.465 2.440 3.498
4.500 10.000 -1.516 -1.209 -0.805 -0.578 -0.311 0.110 0.382 0.783 1.049 1.391 1.549 1.721 1.822 1.934 2.075 2.231 2.322 2.426 2.445 2.436 2.412 2.364 2.190 2.166 3.211
4.500 15.000 -1.698 -1.392 -0.988 -0.761 -0.499 -0.078 0.192 0.594 0.859 1.201 1.357 1.531 1.630 1.738 1.877 2.029 2.115 2.213 2.228 2.214 2.188 2.138 1.965 1.941 2.995
4.500 20.000 -1.844 -1.538 -1.133 -0.907 -0.649 -0.228 0.041 0.443 0.708 1.050 1.204 1.379 1.475 1.582 1.718 1.866 1.948 2.040 2.051 2.034 2.006 1.954 1.782 1.759 2.824
4.500 25.000 -1.966 -1.661 -1.256 -1.031 -0.775 -0.355 -0.087 0.315 0.579 0.922 1.074 1.250 1.345 1.449 1.583 1.728 1.806 1.893 1.902 1.882 1.851 1.799 1.628 1.605 2.678
4.500 30.000 -2.067 -1.764 -1.358 -1.134 -0.881 -0.461 -0.193 0.209 0.472 0.815 0.966 1.142 1.235 1.338 1.470 1.612 1.687 1.770 1.777 1.755 1.723 1.669 1.500 1.477 2.560
4.500 40.000 -2.230 -1.927 -1.521 -1.297 -1.048 -0.629 -0.363 0.039 0.301 0.644 0.792 0.969 1.060 1.159 1.287 1.425 1.494 1.571 1.574 1.548 1.514 1.461 1.293 1.271 2.375
4.500 50.000 -2.357 -2.056 -1.649 -1.426 -1.179 -0.762 -0.497 -0.095 0.165 0.508 0.654 0.831 0.920 1.017 1.141 1.274 1.338 1.409 1.409 1.380 1.345 1.291 1.125 1.102 2.230
4.500 60.000 -2.432 -2.131 -1.724 -1.502 -1.255 -0.839 -0.573 -0.173 0.086 0.427 0.572 0.749 0.836 0.931 1.051 1.180 1.239 1.306 1.303 1.272 1.234 1.181 1.016 0.993 2.139
4.500 70.000 -2.480 -2.180 -1.774 -1.553 -1.307 -0.892 -0.628 -0.228 0.030 0.370 0.515 0.689 0.775 0.869 0.986 1.111 1.168 1.226 1.220 1.189 1.149 1.093 0.927 0.905 2.067
4.500 80.000 -2.514 -2.214 -1.809 -1.588 -1.344 -0.929 -0.666 -0.268 -0.010 0.329 0.472 0.645 0.730 0.822 0.937 1.056 1.112 1.163 1.154 1.120 1.081 1.021 0.855 0.834 2.011
4.500 90.000 -2.541 -2.242 -1.837 -1.617 -1.374 -0.959 -0.697 -0.300 -0.042 0.294 0.437 0.608 0.692 0.782 0.894 1.009 1.061 1.107 1.096 1.060 1.020 0.959 0.792 0.771 1.965
4.500 100.000 -2.565 -2.267 -1.863 -1.643 -1.401 -0.987 -0.725 -0.329 -0.073 0.262 0.404 0.573 0.656 0.745 0.854 0.964 1.014 1.054 1.041 1.003 0.963 0.900 0.733 0.713 1.923
4.500 110.000 -2.587 -2.290 -1.887 -1.667 -1.425 -1.012 -0.751 -0.356 -0.101 0.233 0.373 0.541 0.623 0.710 0.817 0.922 0.969 1.003 0.988 0.949 0.909 0.844 0.679 0.659 1.884
4.500 120.000 -2.608 -2.311 -1.909 -1.689 -1.448 -1.036 -0.776 -0.382 -0.127 0.205 0.345 0.510 0.591 0.677 0.781 0.882 0.926 0.955 0.938 0.898 0.857 0.792 0.628 0.608 1.848
4.500 130.000 -2.631 -2.335 -1.932 -1.713 -1.472 -1.061 -0.801 -0.409 -0.154 0.176 0.315 0.478 0.558 0.642 0.742 0.839 0.880 0.904 0.885 0.844 0.802 0.737 0.574 0.554 1.810
4.500 140.000 -2.653 -2.358 -1.956 -1.737 -1.497 -1.086 -0.827 -0.435 -0.182 0.147 0.284 0.447 0.525 0.607 0.705 0.796 0.834 0.854 0.833 0.790 0.749 0.682 0.521 0.502 1.773
4.500 150.000 -2.677 -2.382 -1.981 -1.762 -1.522 -1.112 -0.853 -0.463 -0.211 0.116 0.253 0.414 0.491 0.571 0.666 0.753 0.787 0.803 0.780 0.736 0.695 0.628 0.469 0.450 1.737
4.500 175.000 -2.734 -2.440 -2.040 -1.823 -1.584 -1.176 -0.918 -0.531 -0.280 0.043 0.177 0.334 0.408 0.484 0.571 0.648 0.675 0.679 0.653 0.607 0.565 0.499 0.346 0.328 1.648
4.500 200.000 -2.785 -2.493 -2.094 -1.877 -1.639 -1.233 -0.977 -0.592 -0.343 -0.023 0.108 0.261 0.332 0.404 0.484 0.550 0.570 0.565 0.536 0.488 0.446 0.381 0.233 0.215 1.567
4.500 250.000 -2.875 -2.584 -2.188 -1.974 -1.740 -1.336 -1.084 -0.703 -0.459 -0.145 -0.020 0.125 0.189 0.252 0.319 0.363 0.369 0.349 0.316 0.267 0.227 0.165 0.034 0.018 1.416
4.500 300.000 -2.951 -2.662 -2.269 -2.056 -1.826 -1.425 -1.176 -0.799 -0.559 -0.252 -0.132 0.004 0.061 0.115 0.170 0.194 0.188 0.156 0.120 0.072 0.034 -0.023 -0.139 -0.154 1.286
4.500 350.000 -3.018 -2.731 -2.339 -2.128 -1.902 -1.503 -1.257 -0.884 -0.648 -0.348 -0.235 -0.106 -0.056 -0.011 0.031 0.037 0.019 -0.022 -0.060 -0.107 -0.142 -0.194 -0.296 -0.310 1.169
4.500 400.000 -3.077 -2.792 -2.403 -2.193 -1.970 -1.573 -1.331 -0.962 -0.730 -0.437 -0.330 -0.209 -0.166 -0.130 -0.099 -0.110 -0.139 -0.187 -0.226 -0.271 -0.303 -0.350 -0.439 -0.451 1.062
4.500 450.000 -3.133 -2.849 -2.463 -2.255 -2.038 -1.642 -1.405 -1.038 -0.811 -0.523 -0.423 -0.311 -0.275 -0.249 -0.228 -0.257 -0.297 -0.348 -0.386 -0.430 -0.458 -0.499 -0.574 -0.586 0.957
4.500 500.000 -3.184 -2.901 -2.519 -2.312 -2.100 -1.705 -1.473 -1.109 -0.886 -0.604 -0.512 -0.408 -0.380 -0.362 -0.352 -0.397 -0.447 -0.499 -0.537 -0.578 -0.602 -0.638 -0.700 -0.711 0.859
4.500 600.000 -3.270 -2.989 -2.613 -2.408 -2.205 -1.813 -1.590 -1.236 -1.024 -0.760 -0.685 -0.603 -0.594 -0.598 -0.612 -0.689 -0.759 -0.801 -0.830 -0.859 -0.871 -0.892 -0.924 -0.933 0.683
4.500 700.000 -3.355 -3.075 -2.703 -2.500 -2.305 -1.915 -1.701 -1.355 -1.152 -0.903 -0.844 -0.779 -0.785 -0.806 -0.838 -0.941 -1.025 -1.062 -1.087 -1.112 -1.117 -1.127 -1.142 -1.151 0.524
4.500 800.000 -3.436 -3.157 -2.787 -2.586 -2.398 -2.011 -1.804 -1.466 -1.273 -1.039 -0.993 -0.945 -0.965 -1.003 -1.051 -1.174 -1.270 -1.299 -1.320 -1.342 -1.342 -1.342 -1.343 -1.352 0.377
4.500 1000.000 -3.600 -3.320 -2.954 -2.755 -2.576 -2.195 -2.001 -1.680 -1.506 -1.302 -1.283 -1.265 -1.311 -1.377 -1.454 -1.607 -1.724 -1.733 -1.746 -1.764 -1.758 -1.737 -1.716 -1.728 0.114
4.500 1200.000 -3.737 -3.456 -3.092 -2.894 -2.724 -2.350 -2.170 -1.869 -1.716 -1.548 -1.558 -1.573 -1.645 -1.740 -1.845 -2.026 -2.160 -2.152 -2.157 -2.176 -2.163 -2.125 -2.085 -2.097 -0.134
4.500 1500.000 -3.946 -3.660 -3.295 -3.098 -2.939 -2.575 -2.415 -2.145 -2.025 -1.912 -1.963 -2.025 -2.134 -2.268 -2.409 -2.623 -2.783 -2.750 -2.748 -2.773 -2.755 -2.693 -2.632 -2.646 -0.488
5.000 0.000 -0.484 -0.181 0.214 0.439 0.721 1.123 1.388 1.751 1.987 2.266 2.398 2.526 2.611 2.703 2.811 2.939 3.010 3.092 3.103 3.091 3.062 3.018 2.850 2.825 4.114
5.000 1.000 -0.521 -0.219 0.175 0.399 0.681 1.083 1.348 1.710 1.947 2.224 2.357 2.482 2.567 2.660 2.769 2.895 2.968 3.049 3.060 3.047 3.022 2.974 2.803 2.778 4.073
5.000 5.000 -0.758 -0.458 -0.065 0.159 0.434 0.838 1.101 1.465 1.704 1.985 2.118 2.248 2.334 2.429 2.548 2.683 2.764 2.852 2.866 2.855 2.832 2.781 2.610 2.585 3.794
5.000 10.000 -0.978 -0.679 -0.286 -0.064 0.202 0.608 0.868 1.235 1.474 1.759 1.889 2.024 2.108 2.201 2.321 2.456 2.535 2.621 2.632 2.619 2.595 2.542 2.373 2.350 3.536
5.000 15.000 -1.141 -0.843 -0.449 -0.227 0.034 0.440 0.699 1.066 1.304 1.590 1.718 1.854 1.936 2.027 2.144 2.276 2.351 2.431 2.439 2.422 2.396 2.341 2.174 2.152 3.342
5.000 20.000 -1.267 -0.970 -0.576 -0.356 -0.097 0.308 0.566 0.933 1.170 1.457 1.583 1.719 1.799 1.887 2.003 2.130 2.202 2.275 2.280 2.261 2.233 2.176 2.012 1.990 3.191
5.000 25.000 -1.375 -1.078 -0.684 -0.464 -0.209 0.196 0.452 0.819 1.056 1.343 1.467 1.604 1.682 1.768 1.881 2.004 2.072 2.140 2.143 2.121 2.091 2.034 1.872 1.850 3.059
5.000 30.000 -1.466 -1.170 -0.776 -0.557 -0.304 0.100 0.356 0.723 0.959 1.246 1.369 1.506 1.582 1.667 1.778 1.898 1.963 2.027 2.027 2.003 1.972 1.914 1.754 1.732 2.952
5.000 40.000 -1.613 -1.318 -0.924 -0.706 -0.457 -0.053 0.200 0.568 0.802 1.089 1.210 1.347 1.421 1.502 1.609 1.724 1.784 1.841 1.838 1.811 1.779 1.720 1.563 1.542 2.782
5.000 50.000 -1.731 -1.438 -1.043 -0.826 -0.580 -0.178 0.075 0.442 0.675 0.962 1.081 1.218 1.289 1.369 1.472 1.583 1.638 1.690 1.684 1.655 1.621 1.562 1.406 1.386 2.649
5.000 60.000 -1.800 -1.508 -1.113 -0.897 -0.651 -0.250 0.002 0.368 0.600 0.886 1.003 1.139 1.210 1.288 1.387 1.494 1.544 1.592 1.583 1.553 1.517 1.459 1.303 1.283 2.565
5.000 70.000 -1.846 -1.554 -1.161 -0.945 -0.701 -0.300 -0.049 0.316 0.547 0.832 0.948 1.083 1.153 1.229 1.325 1.428 1.477 1.516 1.505 1.473 1.437 1.375 1.219 1.199 2.498
5.000 80.000 -1.875 -1.584 -1.192 -0.976 -0.734 -0.334 -0.084 0.280 0.511 0.794 0.909 1.042 1.111 1.185 1.279 1.376 1.423 1.456 1.442 1.408 1.372 1.307 1.152 1.133 2.446
5.000 90.000 -1.899 -1.609 -1.218 -1.003 -0.761 -0.362 -0.113 0.250 0.480 0.762 0.876 1.007 1.075 1.147 1.239 1.331 1.375 1.403 1.386 1.351 1.314 1.248 1.092 1.073 2.404
5.000 100.000 -1.921 -1.632 -1.241 -1.027 -0.786 -0.388 -0.139 0.222 0.452 0.732 0.845 0.974 1.041 1.112 1.201 1.288 1.330 1.352 1.334 1.297 1.260 1.192 1.037 1.018 2.365
5.000 110.000 -1.941 -1.653 -1.263 -1.049 -0.809 -0.411 -0.163 0.197 0.426 0.704 0.817 0.944 1.009 1.078 1.165 1.248 1.287 1.304 1.284 1.246 1.209 1.140 0.986 0.967 2.329
5.000 120.000 -1.960 -1.672 -1.282 -1.069 -0.830 -0.433 -0.186 0.174 0.401 0.678 0.790 0.916 0.980 1.047 1.131 1.210 1.246 1.259 1.237 1.198 1.161 1.090 0.937 0.919 2.297
5.000 130.000 -1.980 -1.693 -1.304 -1.091 -0.852 -0.456 -0.210 0.149 0.376 0.651 0.761 0.885 0.948 1.014 1.095 1.169 1.202 1.210 1.186 1.146 1.109 1.038 0.887 0.869 2.262
5.000 140.000 -2.001 -1.714 -1.326 -1.113 -0.875 -0.480 -0.234 0.123 0.349 0.623 0.733 0.855 0.917 0.980 1.058 1.127 1.157 1.161 1.136 1.095 1.057 0.987 0.837 0.820 2.229
5.000 150.000 -2.023 -1.736 -1.349 -1.136 -0.898 -0.504 -0.259 0.097 0.322 0.594 0.703 0.823 0.884 0.946 1.020 1.085 1.112 1.111 1.085 1.043 1.006 0.935 0.788 0.771 2.195
5.000 175.000 -2.075 -1.790 -1.404 -1.192 -0.956 -0.563 -0.319 0.034 0.257 0.525 0.631 0.747 0.805 0.862 0.929 0.983 1.003 0.993 0.963 0.920 0.883 0.813 0.672 0.656 2.114
5.000 200.000 -2.121 -1.837 -1.452 -1.242 -1.007 -0.617 -0.374 -0.024 0.197 0.461 0.565 0.677 0.731 0.784 0.844 0.888 0.901 0.882 0.850 0.806 0.769 0.701 0.567 0.551 2.039
5.000 250.000 -2.204 -1.922 -1.541 -1.332 -1.101 -0.714 -0.476 -0.130 0.087 0.344 0.442 0.545 0.593 0.637 0.684 0.706 0.706 0.673 0.638 0.595 0.560 0.496 0.378 0.364 1.899
5.000 300.000 -2.273 -1.994 -1.615 -1.408 -1.182 -0.797 -0.563 -0.221 -0.009 0.242 0.333 0.429 0.469 0.504 0.538 0.541 0.530 0.487 0.450 0.408 0.376 0.317 0.214 0.201 1.777
5.000 350.000 -2.335 -2.058 -1.682 -1.477 -1.254 -0.872 -0.641 -0.303 -0.095 0.149 0.234 0.321 0.355 0.380 0.403 0.388 0.367 0.316 0.278 0.237 0.209 0.155 0.065 0.054 1.669
5.000 400.000 -2.391 -2.116 -1.742 -1.538 -1.320 -0.940 -0.713 -0.379 -0.175 0.062 0.141 0.221 0.247 0.264 0.276 0.245 0.214 0.158 0.121 0.082 0.058 0.009 -0.067 -0.078 1.574
5.000 450.000 -2.443 -2.169 -1.799 -1.597 -1.385 -1.005 -0.783 -0.452 -0.253 -0.021 0.051 0.122 0.141 0.149 0.151 0.104 0.063 0.006 -0.031 -0.067 -0.088 -0.131 -0.194 -0.205 1.476
5.000 500.000 -2.491 -2.219 -1.853 -1.652 -1.445 -1.066 -0.849 -0.522 -0.326 -0.100 -0.036 0.027 0.039 0.038 0.031 -0.031 -0.081 -0.138 -0.173 -0.207 -0.224 -0.261 -0.312 -0.323 1.385
5.000 600.000 -2.572 -2.301 -1.942 -1.743 -1.546 -1.170 -0.964 -0.645 -0.461 -0.253 -0.205 -0.163 -0.169 -0.191 -0.221 -0.312 -0.380 -0.423 -0.450 -0.472 -0.476 -0.500 -0.524 -0.532 1.220
5.000 700.000 -2.652 -2.383 -2.028 -1.832 -1.642 -1.269 -1.071 -0.761 -0.585 -0.390 -0.357 -0.331 -0.351 -0.389 -0.436 -0.548 -0.629 -0.665 -0.687 -0.705 -0.705 -0.717 -0.726 -0.735 1.072
5.000 800.000 -2.728 -2.460 -2.109 -1.914 -1.732 -1.362 -1.172 -0.870 -0.703 -0.524 -0.504 -0.494 -0.527 -0.581 -0.644 -0.773 -0.865 -0.891 -0.909 -0.923 -0.918 -0.920 -0.915 -0.925 0.935
5.000 1000.000 -2.883 -2.616 -2.269 -2.077 -1.905 -1.541 -1.364 -1.079 -0.931 -0.781 -0.786 -0.805 -0.863 -0.942 -1.031 -1.186 -1.297 -1.300 -1.310 -1.320 -1.309 -1.291 -1.266 -1.278 0.691
5.000 1200.000 -3.013 -2.744 -2.401 -2.211 -2.049 -1.692 -1.529 -1.264 -1.137 -1.021 -1.054 -1.104 -1.186 -1.291 -1.406 -1.585 -1.713 -1.699 -1.702 -1.715 -1.698 -1.662 -1.621 -1.634 0.461
5.000 1500.000 -3.211 -2.938 -2.595 -2.407 -2.257 -1.913 -1.770 -1.536 -1.441 -1.377 -1.450 -1.543 -1.659 -1.801 -1.948 -2.155 -2.305 -2.263 -2.259 -2.277 -2.256 -2.197 -2.136 -2.152 0.132
5.500 0.000 -0.074 0.213 0.588 0.800 1.065 1.441 1.682 2.003 2.207 2.439 2.547 2.653 2.726 2.808 2.906 3.022 3.087 3.155 3.160 3.145 3.113 3.067 2.908 2.884 4.246
5.500 1.000 -0.099 0.187 0.560 0.772 1.037 1.414 1.654 1.974 2.179 2.409 2.517 2.620 2.694 2.775 2.874 2.988 3.053 3.120 3.125 3.108 3.079 3.029 2.866 2.842 4.219
5.500 5.000 -0.266 0.020 0.392 0.604 0.866 1.243 1.483 1.803 2.009 2.240 2.349 2.453 2.528 2.611 2.715 2.834 2.904 2.976 2.982 2.967 2.942 2.888 2.722 2.698 4.032
5.500 10.000 -0.450 -0.165 0.206 0.417 0.674 1.052 1.290 1.611 1.817 2.050 2.158 2.264 2.338 2.420 2.525 2.644 2.714 2.784 2.789 2.773 2.748 2.691 2.528 2.505 3.814
5.500 15.000 -0.591 -0.308 0.064 0.274 0.527 0.905 1.142 1.463 1.669 1.903 2.008 2.115 2.188 2.267 2.370 2.486 2.552 2.618 2.620 2.602 2.576 2.517 2.357 2.334 3.643
5.500 20.000 -0.701 -0.418 -0.047 0.163 0.412 0.789 1.025 1.346 1.551 1.786 1.890 1.996 2.067 2.144 2.245 2.356 2.419 2.479 2.479 2.458 2.431 2.372 2.214 2.193 3.510
5.500 25.000 -0.794 -0.512 -0.141 0.068 0.314 0.691 0.925 1.247 1.451 1.686 1.788 1.895 1.963 2.039 2.136 2.244 2.303 2.357 2.354 2.332 2.303 2.243 2.088 2.067 3.394
5.500 30.000 -0.875 -0.594 -0.223 -0.014 0.228 0.606 0.839 1.161 1.364 1.599 1.700 1.807 1.874 1.947 2.043 2.147 2.204 2.254 2.248 2.225 2.195 2.134 1.982 1.961 3.297
5.500 40.000 -1.004 -0.724 -0.354 -0.147 0.092 0.468 0.699 1.022 1.224 1.459 1.557 1.664 1.729 1.799 1.891 1.990 2.041 2.085 2.076 2.051 2.020 1.958 1.809 1.788 3.144
5.500 50.000 -1.110 -0.832 -0.462 -0.255 -0.021 0.355 0.585 0.907 1.109 1.344 1.440 1.547 1.609 1.677 1.766 1.861 1.907 1.947 1.935 1.908 1.876 1.813 1.667 1.646 3.023
5.500 60.000 -1.174 -0.896 -0.526 -0.321 -0.087 0.288 0.517 0.838 1.039 1.273 1.368 1.475 1.536 1.602 1.688 1.779 1.822 1.856 1.842 1.813 1.780 1.717 1.571 1.550 2.948
5.500 70.000 -1.213 -0.936 -0.568 -0.363 -0.132 0.243 0.470 0.791 0.991 1.225 1.319 1.423 1.484 1.549 1.632 1.718 1.759 1.786 1.769 1.740 1.706 1.640 1.493 1.473 2.886
5.500 80.000 -1.238 -0.962 -0.595 -0.391 -0.161 0.213 0.439 0.759 0.958 1.191 1.283 1.387 1.446 1.508 1.589 1.670 1.709 1.730 1.711 1.680 1.646 1.577 1.431 1.412 2.838
5.500 90.000 -1.259 -0.984 -0.618 -0.414 -0.186 0.188 0.413 0.732 0.931 1.161 1.253 1.354 1.413 1.474 1.552 1.628 1.664 1.680 1.659 1.626 1.592 1.522 1.376 1.357 2.800
5.500 100.000 -1.278 -1.004 -0.639 -0.436 -0.208 0.165 0.389 0.707 0.905 1.134 1.225 1.325 1.382 1.441 1.516 1.588 1.622 1.632 1.610 1.576 1.542 1.470 1.325 1.306 2.765
5.500 110.000 -1.295 -1.022 -0.658 -0.455 -0.228 0.144 0.367 0.684 0.881 1.109 1.199 1.297 1.353 1.410 1.483 1.550 1.582 1.587 1.563 1.528 1.494 1.421 1.277 1.259 2.733
5.500 120.000 -1.312 -1.038 -0.676 -0.473 -0.247 0.125 0.347 0.663 0.859 1.086 1.174 1.270 1.325 1.381 1.451 1.514 1.543 1.544 1.518 1.482 1.448 1.375 1.232 1.213 2.704
5.500 130.000 -1.330 -1.057 -0.695 -0.493 -0.268 0.103 0.324 0.639 0.835 1.060 1.148 1.242 1.295 1.349 1.416 1.474 1.500 1.497 1.470 1.433 1.399 1.325 1.184 1.166 2.673
5.500 140.000 -1.349 -1.077 -0.715 -0.514 -0.289 0.081 0.302 0.616 0.810 1.034 1.121 1.213 1.265 1.317 1.381 1.435 1.458 1.451 1.422 1.385 1.351 1.277 1.138 1.120 2.643
5.500 150.000 -1.368 -1.097 -0.736 -0.535 -0.311 0.059 0.279 0.591 0.785 1.007 1.093 1.184 1.235 1.285 1.346 1.395 1.415 1.404 1.374 1.336 1.302 1.229 1.092 1.075 2.613
5.500 175.000 -1.415 -1.145 -0.786 -0.586 -0.364 0.003 0.222 0.532 0.724 0.942 1.025 1.111 1.159 1.205 1.259 1.296 1.310 1.290 1.258 1.219 1.186 1.113 0.983 0.967 2.538
5.500 200.000 -1.457 -1.188 -0.831 -0.632 -0.412 -0.046 0.170 0.478 0.668 0.882 0.962 1.044 1.089 1.130 1.177 1.204 1.210 1.183 1.149 1.110 1.078 1.007 0.884 0.868 2.469
5.500 250.000 -1.532 -1.266 -0.913 -0.716 -0.500 -0.137 0.075 0.378 0.563 0.771 0.845 0.918 0.956 0.987 1.021 1.027 1.022 0.982 0.945 0.908 0.879 0.812 0.705 0.691 2.338
5.500 300.000 -1.597 -1.333 -0.983 -0.788 -0.577 -0.216 -0.009 0.291 0.472 0.673 0.740 0.805 0.836 0.858 0.879 0.867 0.851 0.803 0.765 0.729 0.704 0.642 0.549 0.536 2.224
5.500 350.000 -1.655 -1.393 -1.046 -0.852 -0.646 -0.288 -0.084 0.212 0.388 0.583 0.644 0.701 0.724 0.737 0.747 0.718 0.693 0.639 0.601 0.568 0.546 0.489 0.411 0.399 2.127
5.500 400.000 -1.708 -1.447 -1.102 -0.910 -0.708 -0.352 -0.152 0.139 0.312 0.499 0.554 0.603 0.619 0.624 0.623 0.578 0.544 0.487 0.450 0.419 0.401 0.350 0.284 0.273 2.039
5.500 450.000 -1.757 -1.498 -1.157 -0.966 -0.769 -0.414 -0.219 0.069 0.237 0.419 0.467 0.508 0.517 0.513 0.502 0.443 0.399 0.342 0.306 0.278 0.264 0.219 0.165 0.154 1.947
5.500 500.000 -1.802 -1.545 -1.207 -1.018 -0.825 -0.472 -0.281 0.003 0.167 0.343 0.384 0.417 0.419 0.406 0.386 0.313 0.262 0.205 0.171 0.146 0.136 0.096 0.054 0.043 1.863
5.500 600.000 -1.880 -1.624 -1.292 -1.106 -0.922 -0.573 -0.391 -0.117 0.037 0.195 0.220 0.232 0.217 0.184 0.142 0.043 -0.024 -0.065 -0.090 -0.103 -0.102 -0.128 -0.146 -0.154 1.711
5.500 700.000 -1.956 -1.703 -1.375 -1.191 -1.014 -0.668 -0.494 -0.228 -0.083 0.061 0.073 0.071 0.043 -0.005 -0.063 -0.179 -0.257 -0.289 -0.309 -0.318 -0.313 -0.328 -0.332 -0.341 1.575
5.500 800.000 -2.030 -1.778 -1.454 -1.271 -1.101 -0.759 -0.592 -0.334 -0.198 -0.069 -0.070 -0.088 -0.128 -0.191 -0.264 -0.394 -0.483 -0.504 -0.519 -0.524 -0.515 -0.519 -0.511 -0.521 1.449
5.500 1000.000 -2.178 -1.927 -1.607 -1.427 -1.268 -0.932 -0.779 -0.538 -0.419 -0.318 -0.343 -0.388 -0.451 -0.538 -0.634 -0.787 -0.893 -0.890 -0.898 -0.901 -0.887 -0.870 -0.843 -0.857 1.222
5.500 1200.000 -2.299 -2.047 -1.731 -1.553 -1.405 -1.077 -0.938 -0.717 -0.619 -0.552 -0.603 -0.678 -0.764 -0.876 -0.997 -1.169 -1.289 -1.266 -1.267 -1.271 -1.252 -1.219 -1.176 -1.192 1.011
5.500 1500.000 -2.486 -2.231 -1.916 -1.742 -1.606 -1.291 -1.173 -0.982 -0.915 -0.897 -0.987 -1.101 -1.219 -1.363 -1.511 -1.704 -1.845 -1.792 -1.786 -1.796 -1.773 -1.717 -1.657 -1.675 0.708
6.000 0.000 0.322 0.587 0.932 1.127 1.370 1.709 1.920 2.196 2.368 2.559 2.650 2.740 2.807 2.882 2.974 3.081 3.141 3.198 3.199 3.182 3.148 3.101 2.948 2.925 4.354
6.000 1.000 0.303 0.568 0.911 1.106 1.349 1.689 1.899 2.173 2.346 2.536 2.627 2.715 2.783 2.857 2.949 3.054 3.113 3.170 3.169 3.151 3.119 3.067 2.911 2.887 4.335
6.000 5.000 0.190 0.455 0.796 0.992 1.236 1.575 1.787 2.058 2.232 2.419 2.512 2.596 2.666 2.740 2.833 2.939 2.999 3.059 3.060 3.041 3.013 2.958 2.799 2.775 4.218
6.000 10.000 0.049 0.313 0.653 0.848 1.090 1.429 1.639 1.910 2.084 2.271 2.363 2.447 2.516 2.587 2.680 2.784 2.841 2.901 2.900 2.882 2.854 2.800 2.644 2.621 4.052
6.000 15.000 -0.070 0.193 0.533 0.728 0.966 1.305 1.515 1.785 1.959 2.146 2.236 2.321 2.388 2.458 2.547 2.649 2.703 2.759 2.757 2.737 2.708 2.654 2.501 2.478 3.910
6.000 20.000 -0.166 0.096 0.436 0.630 0.865 1.205 1.413 1.683 1.857 2.044 2.133 2.218 2.283 2.351 2.439 2.537 2.587 2.639 2.634 2.612 2.583 2.528 2.378 2.355 3.797
6.000 25.000 -0.246 0.015 0.355 0.548 0.780 1.120 1.326 1.597 1.770 1.957 2.044 2.129 2.192 2.258 2.343 2.437 2.484 2.529 2.522 2.499 2.468 2.412 2.266 2.244 3.694
6.000 30.000 -0.318 -0.057 0.282 0.475 0.704 1.043 1.249 1.520 1.692 1.880 1.965 2.050 2.112 2.176 2.260 2.350 2.395 2.436 2.427 2.402 2.371 2.314 2.170 2.148 3.607
6.000 40.000 -0.434 -0.175 0.164 0.355 0.580 0.919 1.122 1.394 1.565 1.754 1.837 1.922 1.981 2.043 2.123 2.208 2.248 2.283 2.270 2.243 2.211 2.152 2.011 1.990 3.471
6.000 50.000 -0.531 -0.272 0.066 0.257 0.477 0.816 1.017 1.289 1.460 1.649 1.730 1.815 1.873 1.932 2.010 2.091 2.126 2.157 2.141 2.113 2.080 2.020 1.881 1.860 3.362
6.000 60.000 -0.587 -0.329 0.008 0.198 0.417 0.755 0.956 1.227 1.397 1.586 1.666 1.750 1.807 1.865 1.939 2.017 2.049 2.076 2.058 2.028 1.994 1.934 1.795 1.774 3.294
6.000 70.000 -0.621 -0.364 -0.029 0.160 0.376 0.714 0.913 1.185 1.354 1.542 1.621 1.704 1.760 1.816 1.889 1.962 1.993 2.012 1.991 1.962 1.926 1.863 1.724 1.704 3.238
6.000 80.000 -0.643 -0.387 -0.053 0.135 0.349 0.687 0.885 1.156 1.324 1.512 1.590 1.672 1.726 1.781 1.851 1.920 1.948 1.962 1.939 1.907 1.872 1.806 1.668 1.648 3.195
6.000 90.000 -0.661 -0.406 -0.073 0.115 0.328 0.665 0.862 1.132 1.300 1.486 1.563 1.643 1.696 1.749 1.817 1.881 1.907 1.915 1.891 1.858 1.822 1.755 1.617 1.598 3.161
6.000 100.000 -0.677 -0.423 -0.091 0.096 0.308 0.645 0.841 1.110 1.277 1.463 1.538 1.617 1.669 1.720 1.786 1.845 1.869 1.872 1.846 1.812 1.777 1.709 1.572 1.552 3.130
6.000 110.000 -0.692 -0.438 -0.108 0.079 0.290 0.626 0.821 1.089 1.256 1.440 1.515 1.591 1.642 1.692 1.755 1.809 1.831 1.830 1.802 1.768 1.732 1.663 1.527 1.508 3.101
6.000 120.000 -0.705 -0.452 -0.123 0.064 0.274 0.609 0.803 1.071 1.237 1.419 1.493 1.567 1.617 1.665 1.725 1.775 1.794 1.789 1.760 1.725 1.689 1.620 1.486 1.467 3.076
6.000 130.000 -0.722 -0.469 -0.140 0.046 0.255 0.590 0.783 1.049 1.214 1.396 1.468 1.541 1.589 1.635 1.692 1.738 1.754 1.745 1.714 1.679 1.643 1.573 1.442 1.423 3.048
6.000 140.000 -0.739 -0.487 -0.159 0.027 0.235 0.569 0.761 1.027 1.191 1.371 1.443 1.514 1.561 1.605 1.659 1.700 1.713 1.701 1.669 1.633 1.598 1.528 1.398 1.380 3.019
6.000 150.000 -0.756 -0.505 -0.178 0.008 0.215 0.549 0.740 1.004 1.168 1.347 1.417 1.486 1.532 1.574 1.626 1.662 1.673 1.656 1.623 1.587 1.552 1.482 1.355 1.337 2.992
6.000 175.000 -0.798 -0.548 -0.223 -0.039 0.166 0.498 0.688 0.950 1.111 1.287 1.354 1.419 1.461 1.498 1.543 1.568 1.572 1.547 1.512 1.476 1.443 1.374 1.254 1.237 2.925
6.000 200.000 -0.837 -0.588 -0.265 -0.082 0.121 0.452 0.639 0.899 1.059 1.231 1.295 1.355 1.394 1.426 1.464 1.479 1.476 1.445 1.408 1.372 1.340 1.273 1.160 1.143 2.862
6.000 250.000 -0.906 -0.660 -0.341 -0.160 0.038 0.367 0.549 0.806 0.961 1.126 1.184 1.235 1.267 1.290 1.314 1.309 1.294 1.252 1.214 1.180 1.151 1.088 0.991 0.976 2.743
6.000 300.000 -0.970 -0.726 -0.410 -0.230 -0.036 0.290 0.469 0.721 0.873 1.031 1.083 1.127 1.152 1.166 1.179 1.156 1.131 1.082 1.044 1.011 0.986 0.928 0.844 0.830 2.640
6.000 350.000 -1.023 -0.781 -0.468 -0.290 -0.100 0.224 0.399 0.647 0.794 0.946 0.991 1.026 1.044 1.049 1.050 1.010 0.977 0.924 0.886 0.857 0.835 0.783 0.714 0.701 2.550
6.000 400.000 -1.073 -0.832 -0.521 -0.345 -0.159 0.162 0.333 0.578 0.720 0.866 0.905 0.932 0.943 0.938 0.929 0.874 0.833 0.778 0.741 0.715 0.698 0.651 0.594 0.582 2.468
6.000 450.000 -1.120 -0.881 -0.574 -0.398 -0.217 0.102 0.270 0.510 0.649 0.788 0.821 0.839 0.844 0.830 0.811 0.743 0.694 0.639 0.604 0.581 0.568 0.527 0.482 0.470 2.384
6.000 500.000 -1.166 -0.928 -0.623 -0.449 -0.272 0.046 0.209 0.446 0.581 0.713 0.740 0.751 0.748 0.727 0.698 0.618 0.562 0.509 0.477 0.457 0.448 0.412 0.377 0.366 2.308
6.000 600.000 -1.239 -1.004 -0.704 -0.532 -0.363 -0.050 0.105 0.332 0.457 0.571 0.582 0.574 0.555 0.514 0.465 0.362 0.293 0.256 0.233 0.226 0.226 0.204 0.192 0.182 2.169
6.000 700.000 -1.315 -1.081 -0.785 -0.616 -0.454 -0.144 0.004 0.223 0.339 0.441 0.439 0.416 0.385 0.330 0.266 0.148 0.068 0.042 0.024 0.020 0.025 0.014 0.015 0.004 2.041
6.000 800.000 -1.383 -1.150 -0.857 -0.690 -0.534 -0.228 -0.088 0.123 0.230 0.316 0.302 0.264 0.220 0.150 0.072 -0.058 -0.146 -0.159 -0.172 -0.171 -0.162 -0.162 -0.150 -0.162 1.926
6.000 1000.000 -1.521 -1.290 -1.001 -0.837 -0.692 -0.393 -0.266 -0.072 0.018 0.077 0.039 -0.025 -0.090 -0.183 -0.284 -0.432 -0.536 -0.525 -0.531 -0.528 -0.515 -0.495 -0.466 -0.482 1.718
6.000 1200.000 -1.639 -1.408 -1.123 -0.961 -0.826 -0.535 -0.422 -0.248 -0.177 -0.151 -0.214 -0.306 -0.393 -0.508 -0.630 -0.794 -0.911 -0.878 -0.877 -0.876 -0.859 -0.822 -0.778 -0.796 1.520
6.000 1500.000 -1.817 -1.584 -1.301 -1.143 -1.022 -0.744 -0.652 -0.506 -0.466 -0.485 -0.585 -0.712 -0.829 -0.974 -1.121 -1.302 -1.438 -1.376 -1.369 -1.374 -1.354 -1.295 -1.234 -1.255 1.239
6.500 0.000 0.688 0.928 1.237 1.411 1.631 1.926 2.107 2.336 2.481 2.639 2.721 2.800 2.865 2.935 3.022 3.125 3.181 3.231 3.230 3.213 3.177 3.129 2.980 2.957 4.453
6.500 1.000 0.673 0.913 1.219 1.394 1.614 1.910 2.090 2.318 2.464 2.621 2.703 2.780 2.846 2.915 3.002 3.103 3.158 3.209 3.206 3.187 3.152 3.100 2.947 2.923 4.438
6.500 5.000 0.594 0.833 1.138 1.313 1.536 1.832 2.013 2.237 2.384 2.536 2.620 2.693 2.760 2.828 2.914 3.014 3.067 3.121 3.118 3.100 3.068 3.014 2.858 2.834 4.365
6.500 10.000 0.492 0.731 1.034 1.210 1.432 1.727 1.908 2.130 2.277 2.426 2.509 2.579 2.645 2.710 2.793 2.889 2.938 2.992 2.989 2.971 2.941 2.889 2.739 2.715 4.249
6.500 15.000 0.394 0.633 0.936 1.111 1.332 1.626 1.807 2.028 2.175 2.324 2.405 2.476 2.540 2.603 2.684 2.777 2.823 2.875 2.871 2.852 2.822 2.771 2.623 2.599 4.139
6.500 20.000 0.312 0.549 0.852 1.027 1.245 1.539 1.719 1.941 2.087 2.236 2.316 2.387 2.450 2.512 2.591 2.681 2.725 2.773 2.767 2.746 2.715 2.664 2.518 2.494 4.045
6.500 25.000 0.240 0.477 0.779 0.953 1.169 1.463 1.642 1.863 2.009 2.159 2.238 2.308 2.370 2.430 2.507 2.594 2.635 2.678 2.670 2.648 2.616 2.563 2.420 2.397 3.957
6.500 30.000 0.176 0.412 0.714 0.888 1.100 1.395 1.572 1.795 1.940 2.091 2.168 2.238 2.299 2.358 2.434 2.518 2.556 2.596 2.585 2.562 2.529 2.476 2.335 2.312 3.882
6.500 40.000 0.071 0.306 0.607 0.780 0.988 1.283 1.458 1.681 1.826 1.977 2.053 2.123 2.182 2.239 2.312 2.392 2.425 2.459 2.445 2.419 2.385 2.330 2.191 2.169 3.760
6.500 50.000 -0.015 0.219 0.519 0.691 0.895 1.190 1.363 1.587 1.731 1.883 1.957 2.028 2.085 2.139 2.210 2.286 2.317 2.346 2.329 2.302 2.268 2.211 2.075 2.053 3.662
6.500 60.000 -0.065 0.168 0.467 0.638 0.841 1.135 1.308 1.531 1.675 1.827 1.900 1.970 2.027 2.080 2.148 2.221 2.249 2.274 2.255 2.228 2.191 2.135 1.999 1.977 3.601
6.500 70.000 -0.096 0.137 0.434 0.604 0.804 1.099 1.270 1.493 1.636 1.789 1.861 1.930 1.986 2.038 2.104 2.174 2.200 2.217 2.196 2.168 2.130 2.071 1.935 1.913 3.551
6.500 80.000 -0.114 0.117 0.413 0.583 0.780 1.075 1.245 1.468 1.611 1.763 1.833 1.902 1.956 2.007 2.071 2.136 2.160 2.172 2.149 2.119 2.081 2.019 1.883 1.862 3.513
6.500 90.000 -0.129 0.102 0.397 0.566 0.762 1.056 1.225 1.447 1.590 1.741 1.810 1.877 1.930 1.979 2.042 2.102 2.124 2.131 2.106 2.075 2.037 1.974 1.838 1.817 3.483
6.500 100.000 -0.143 0.087 0.381 0.550 0.744 1.039 1.206 1.428 1.570 1.721 1.789 1.854 1.906 1.953 2.014 2.070 2.089 2.092 2.065 2.033 1.995 1.931 1.796 1.776 3.456
6.500 110.000 -0.155 0.075 0.368 0.536 0.729 1.023 1.189 1.411 1.552 1.701 1.769 1.832 1.883 1.928 1.986 2.037 2.054 2.053 2.024 1.992 1.954 1.888 1.756 1.735 3.432
6.500 120.000 -0.166 0.063 0.355 0.523 0.715 1.008 1.174 1.394 1.535 1.683 1.749 1.810 1.860 1.904 1.959 2.006 2.020 2.015 1.985 1.952 1.914 1.848 1.717 1.697 3.409
6.500 130.000 -0.181 0.047 0.338 0.506 0.697 0.990 1.155 1.374 1.514 1.661 1.726 1.786 1.834 1.876 1.929 1.971 1.982 1.973 1.942 1.908 1.871 1.805 1.677 1.656 3.384
6.500 140.000 -0.196 0.031 0.321 0.489 0.679 0.972 1.135 1.354 1.494 1.639 1.703 1.761 1.808 1.848 1.898 1.935 1.944 1.932 1.899 1.865 1.829 1.762 1.636 1.616 3.359
6.500 150.000 -0.211 0.016 0.305 0.472 0.662 0.954 1.117 1.335 1.473 1.618 1.680 1.736 1.782 1.820 1.867 1.900 1.906 1.890 1.856 1.823 1.787 1.720 1.597 1.577 3.336
6.500 175.000 -0.248 -0.022 0.265 0.431 0.618 0.909 1.069 1.285 1.422 1.563 1.623 1.674 1.716 1.749 1.789 1.810 1.810 1.786 1.751 1.718 1.683 1.618 1.504 1.485 3.278
6.500 200.000 -0.283 -0.059 0.226 0.391 0.576 0.865 1.024 1.238 1.373 1.511 1.568 1.614 1.653 1.681 1.714 1.725 1.718 1.688 1.651 1.619 1.585 1.522 1.414 1.396 3.222
6.500 250.000 -0.351 -0.129 0.152 0.316 0.496 0.784 0.938 1.149 1.280 1.412 1.462 1.501 1.533 1.552 1.573 1.565 1.547 1.507 1.469 1.438 1.409 1.349 1.256 1.239 3.115
6.500 300.000 -0.411 -0.190 0.088 0.250 0.426 0.712 0.863 1.070 1.197 1.323 1.368 1.398 1.423 1.433 1.443 1.417 1.390 1.344 1.306 1.278 1.252 1.197 1.118 1.103 3.021
6.500 350.000 -0.461 -0.242 0.034 0.194 0.367 0.649 0.797 1.000 1.123 1.242 1.280 1.302 1.320 1.320 1.319 1.277 1.241 1.192 1.155 1.130 1.109 1.060 0.995 0.981 2.938
6.500 400.000 -0.506 -0.289 -0.016 0.143 0.312 0.593 0.736 0.936 1.055 1.167 1.198 1.212 1.223 1.214 1.201 1.145 1.101 1.051 1.016 0.995 0.978 0.935 0.884 0.870 2.862
6.500 450.000 -0.553 -0.337 -0.066 0.091 0.256 0.535 0.675 0.871 0.986 1.092 1.117 1.123 1.127 1.109 1.087 1.018 0.967 0.919 0.886 0.869 0.856 0.818 0.778 0.765 2.787
6.500 500.000 -0.597 -0.382 -0.114 0.043 0.204 0.481 0.618 0.810 0.921 1.020 1.040 1.038 1.035 1.009 0.978 0.898 0.840 0.795 0.764 0.751 0.742 0.710 0.680 0.667 2.716
6.500 600.000 -0.665 -0.453 -0.188 -0.034 0.120 0.393 0.521 0.703 0.805 0.886 0.890 0.869 0.851 0.806 0.755 0.655 0.586 0.557 0.536 0.535 0.535 0.516 0.507 0.496 2.590
6.500 700.000 -0.740 -0.529 -0.268 -0.116 0.033 0.302 0.423 0.598 0.691 0.759 0.751 0.716 0.685 0.626 0.560 0.447 0.369 0.351 0.335 0.338 0.343 0.334 0.338 0.326 2.470
6.500 800.000 -0.800 -0.590 -0.332 -0.182 -0.040 0.225 0.339 0.505 0.589 0.641 0.620 0.569 0.526 0.454 0.374 0.250 0.165 0.162 0.152 0.160 0.168 0.171 0.186 0.172 2.365
6.500 1000.000 -0.930 -0.721 -0.467 -0.320 -0.189 0.069 0.170 0.320 0.386 0.411 0.367 0.291 0.228 0.133 0.032 -0.106 -0.205 -0.184 -0.186 -0.176 -0.165 -0.141 -0.110 -0.128 2.173
6.500 1200.000 -1.046 -0.837 -0.586 -0.441 -0.321 -0.071 0.017 0.148 0.195 0.190 0.122 0.021 -0.063 -0.178 -0.299 -0.449 -0.560 -0.517 -0.513 -0.505 -0.490 -0.451 -0.407 -0.426 1.987
6.500 1500.000 -1.212 -1.003 -0.754 -0.613 -0.507 -0.271 -0.204 -0.102 -0.084 -0.135 -0.239 -0.373 -0.486 -0.629 -0.770 -0.934 -1.063 -0.989 -0.980 -0.978 -0.962 -0.899 -0.839 -0.863 1.725
7.000 0.000 1.023 1.234 1.503 1.656 1.851 2.101 2.253 2.441 2.564 2.697 2.774 2.846 2.911 2.977 3.059 3.160 3.214 3.260 3.257 3.240 3.203 3.156 3.009 2.985 4.572
7.000 1.000 1.010 1.221 1.487 1.641 1.836 2.087 2.239 2.425 2.550 2.681 2.759 2.829 2.894 2.960 3.042 3.142 3.195 3.242 3.237 3.219 3.183 3.131 2.980 2.956 4.557
7.000 5.000 0.949 1.160 1.424 1.578 1.778 2.028 2.181 2.363 2.489 2.616 2.694 2.760 2.827 2.891 2.972 3.070 3.120 3.171 3.166 3.148 3.114 3.061 2.907 2.883 4.505
7.000 10.000 0.868 1.078 1.342 1.496 1.697 1.946 2.100 2.280 2.405 2.529 2.607 2.670 2.736 2.798 2.876 2.971 3.017 3.069 3.065 3.047 3.015 2.965 2.814 2.789 4.422
7.000 15.000 0.789 0.999 1.263 1.417 1.617 1.865 2.019 2.198 2.323 2.446 2.523 2.586 2.650 2.711 2.787 2.879 2.922 2.973 2.968 2.950 2.918 2.868 2.719 2.694 4.336
7.000 20.000 0.719 0.929 1.192 1.345 1.544 1.793 1.946 2.125 2.249 2.372 2.449 2.510 2.574 2.634 2.708 2.798 2.838 2.887 2.881 2.861 2.828 2.778 2.630 2.606 4.259
7.000 25.000 0.657 0.866 1.129 1.282 1.479 1.727 1.879 2.058 2.183 2.305 2.381 2.443 2.506 2.564 2.636 2.723 2.761 2.806 2.798 2.777 2.743 2.693 2.547 2.523 4.189
7.000 30.000 0.604 0.813 1.075 1.227 1.422 1.670 1.821 2.001 2.125 2.248 2.323 2.384 2.446 2.503 2.574 2.658 2.694 2.736 2.725 2.703 2.669 2.618 2.474 2.450 4.128
7.000 40.000 0.512 0.719 0.980 1.132 1.323 1.571 1.721 1.901 2.025 2.149 2.222 2.284 2.344 2.399 2.468 2.548 2.580 2.616 2.603 2.579 2.543 2.490 2.349 2.325 4.023
7.000 50.000 0.438 0.644 0.905 1.056 1.242 1.491 1.639 1.820 1.943 2.068 2.139 2.202 2.261 2.313 2.381 2.457 2.486 2.518 2.502 2.477 2.440 2.386 2.247 2.224 3.940
7.000 60.000 0.394 0.600 0.859 1.009 1.194 1.443 1.590 1.771 1.894 2.019 2.089 2.151 2.209 2.261 2.326 2.400 2.426 2.453 2.435 2.410 2.372 2.318 2.180 2.156 3.887
7.000 70.000 0.368 0.573 0.830 0.980 1.161 1.411 1.556 1.738 1.860 1.986 2.055 2.116 2.174 2.224 2.288 2.358 2.383 2.403 2.382 2.356 2.316 2.259 2.121 2.099 3.842
7.000 80.000 0.352 0.556 0.812 0.962 1.141 1.391 1.535 1.716 1.839 1.964 2.033 2.092 2.149 2.198 2.260 2.326 2.349 2.364 2.341 2.313 2.273 2.214 2.076 2.054 3.810
7.000 90.000 0.339 0.543 0.798 0.947 1.125 1.374 1.517 1.698 1.820 1.945 2.012 2.071 2.126 2.174 2.233 2.295 2.316 2.326 2.302 2.273 2.233 2.173 2.036 2.014 3.783
7.000 100.000 0.328 0.531 0.784 0.933 1.109 1.359 1.501 1.681 1.803 1.928 1.994 2.050 2.105 2.151 2.209 2.266 2.285 2.291 2.264 2.235 2.195 2.133 1.998 1.976 3.759
7.000 110.000 0.317 0.520 0.773 0.921 1.096 1.345 1.486 1.666 1.787 1.911 1.976 2.031 2.084 2.128 2.184 2.237 2.253 2.254 2.226 2.196 2.156 2.094 1.961 1.939 3.738
7.000 120.000 0.307 0.508 0.760 0.908 1.082 1.331 1.471 1.650 1.771 1.894 1.958 2.011 2.063 2.105 2.159 2.207 2.221 2.218 2.189 2.158 2.119 2.055 1.924 1.903 3.717
7.000 130.000 0.294 0.495 0.746 0.893 1.066 1.315 1.454 1.633 1.753 1.875 1.937 1.989 2.039 2.080 2.131 2.175 2.186 2.179 2.149 2.118 2.079 2.015 1.886 1.865 3.695
7.000 140.000 0.280 0.481 0.731 0.878 1.050 1.299 1.437 1.615 1.735 1.855 1.917 1.966 2.016 2.055 2.103 2.143 2.151 2.141 2.109 2.078 2.040 1.976 1.850 1.829 3.673
7.000 150.000 0.267 0.467 0.716 0.863 1.034 1.283 1.420 1.598 1.717 1.836 1.896 1.944 1.992 2.029 2.074 2.110 2.115 2.102 2.069 2.038 2.000 1.937 1.813 1.793 3.653
7.000 175.000 0.233 0.432 0.679 0.825 0.993 1.241 1.376 1.552 1.670 1.786 1.843 1.887 1.931 1.963 2.002 2.026 2.025 2.005 1.970 1.940 1.904 1.841 1.727 1.707 3.602
7.000 200.000 0.200 0.398 0.643 0.788 0.955 1.202 1.335 1.509 1.625 1.738 1.793 1.832 1.874 1.901 1.933 1.948 1.941 1.914 1.878 1.849 1.814 1.753 1.645 1.626 3.552
7.000 250.000 0.136 0.333 0.574 0.718 0.881 1.126 1.256 1.427 1.540 1.647 1.696 1.727 1.762 1.781 1.801 1.797 1.780 1.744 1.707 1.681 1.649 1.592 1.500 1.482 3.456
7.000 300.000 0.085 0.279 0.518 0.661 0.819 1.063 1.189 1.357 1.466 1.568 1.611 1.634 1.662 1.671 1.680 1.659 1.632 1.592 1.555 1.532 1.504 1.453 1.376 1.359 3.375
7.000 350.000 0.038 0.231 0.467 0.609 0.764 1.005 1.127 1.292 1.398 1.493 1.529 1.544 1.565 1.564 1.562 1.525 1.489 1.446 1.411 1.392 1.369 1.323 1.261 1.245 3.300
7.000 400.000 -0.006 0.186 0.420 0.560 0.711 0.951 1.070 1.231 1.333 1.421 1.451 1.458 1.472 1.463 1.450 1.399 1.356 1.314 1.281 1.266 1.248 1.208 1.159 1.144 3.232
7.000 450.000 -0.051 0.140 0.372 0.511 0.659 0.897 1.013 1.171 1.268 1.350 1.374 1.374 1.381 1.363 1.340 1.278 1.228 1.187 1.157 1.146 1.132 1.097 1.060 1.045 3.164
7.000 500.000 -0.092 0.098 0.329 0.466 0.611 0.847 0.959 1.114 1.208 1.283 1.301 1.293 1.293 1.267 1.235 1.163 1.107 1.070 1.042 1.036 1.025 0.997 0.970 0.955 3.100
7.000 600.000 -0.158 0.030 0.257 0.392 0.530 0.763 0.867 1.013 1.097 1.155 1.158 1.132 1.116 1.072 1.021 0.930 0.864 0.843 0.825 0.829 0.827 0.812 0.804 0.791 2.985
7.000 700.000 -0.229 -0.042 0.183 0.317 0.449 0.678 0.776 0.914 0.990 1.035 1.025 0.985 0.958 0.900 0.834 0.731 0.657 0.647 0.634 0.643 0.645 0.640 0.645 0.631 2.875
7.000 800.000 -0.287 -0.102 0.121 0.253 0.379 0.604 0.695 0.824 0.891 0.921 0.898 0.844 0.805 0.733 0.654 0.542 0.463 0.467 0.459 0.473 0.479 0.485 0.501 0.485 2.777
7.000 1000.000 -0.412 -0.227 -0.008 0.121 0.237 0.454 0.533 0.646 0.696 0.699 0.654 0.575 0.516 0.424 0.324 0.199 0.108 0.136 0.136 0.152 0.161 0.186 0.217 0.198 2.601
7.000 1200.000 -0.520 -0.336 -0.119 0.007 0.112 0.321 0.386 0.482 0.512 0.485 0.417 0.314 0.235 0.124 0.007 -0.127 -0.230 -0.179 -0.173 -0.160 -0.148 -0.106 -0.063 -0.085 2.428
7.000 1500.000 -0.677 -0.492 -0.278 -0.156 -0.067 0.129 0.173 0.240 0.242 0.171 0.069 -0.066 -0.170 -0.307 -0.443 -0.587 -0.707 -0.626 -0.616 -0.609 -0.597 -0.532 -0.474 -0.500 2.184
7.500 0.000 1.311 1.492 1.720 1.851 2.021 2.228 2.356 2.511 2.618 2.734 2.808 2.877 2.941 3.004 3.084 3.184 3.237 3.281 3.277 3.261 3.222 3.175 3.028 3.005 4.686
7.500 1.000 1.299 1.480 1.707 1.838 2.009 2.217 2.345 2.498 2.606 2.720 2.795 2.862 2.927 2.990 3.070 3.169 3.221 3.266 3.260 3.242 3.205 3.154 3.003 2.980 4.673
7.500 5.000 1.251 1.432 1.657 1.789 1.964 2.171 2.300 2.450 2.558 2.668 2.744 2.807 2.873 2.935 3.013 3.110 3.159 3.207 3.201 3.183 3.148 3.096 2.942 2.918 4.635
7.500 10.000 1.184 1.364 1.588 1.721 1.899 2.104 2.234 2.382 2.491 2.597 2.673 2.733 2.800 2.860 2.935 3.031 3.077 3.128 3.123 3.105 3.071 3.021 2.867 2.842 4.572
7.500 15.000 1.119 1.300 1.523 1.656 1.834 2.040 2.170 2.316 2.425 2.529 2.606 2.664 2.730 2.789 2.862 2.956 3.000 3.051 3.046 3.028 2.993 2.945 2.792 2.767 4.506
7.500 20.000 1.063 1.243 1.466 1.597 1.776 1.981 2.111 2.256 2.365 2.469 2.545 2.602 2.667 2.725 2.797 2.888 2.929 2.979 2.973 2.954 2.919 2.870 2.718 2.693 4.447
7.500 25.000 1.011 1.191 1.413 1.545 1.722 1.927 2.056 2.202 2.310 2.414 2.489 2.547 2.611 2.668 2.739 2.828 2.867 2.914 2.906 2.886 2.851 2.802 2.650 2.625 4.393
7.500 30.000 0.964 1.144 1.366 1.497 1.672 1.877 2.006 2.152 2.260 2.365 2.439 2.496 2.560 2.616 2.686 2.774 2.810 2.855 2.846 2.825 2.788 2.738 2.588 2.563 4.343
7.500 40.000 0.884 1.063 1.284 1.415 1.586 1.791 1.919 2.065 2.173 2.279 2.351 2.409 2.471 2.526 2.593 2.678 2.711 2.751 2.739 2.717 2.680 2.629 2.482 2.457 4.259
7.500 50.000 0.822 1.000 1.220 1.351 1.519 1.725 1.850 1.997 2.105 2.212 2.283 2.340 2.401 2.454 2.520 2.601 2.631 2.667 2.652 2.629 2.591 2.539 2.395 2.370 4.193
7.500 60.000 0.784 0.961 1.180 1.310 1.476 1.682 1.807 1.954 2.062 2.168 2.239 2.296 2.356 2.408 2.471 2.549 2.577 2.609 2.593 2.569 2.530 2.478 2.335 2.311 4.147
7.500 70.000 0.762 0.938 1.156 1.285 1.449 1.656 1.779 1.927 2.034 2.141 2.211 2.267 2.327 2.377 2.439 2.514 2.541 2.565 2.546 2.523 2.482 2.427 2.285 2.261 4.109
7.500 80.000 0.749 0.925 1.141 1.270 1.431 1.639 1.761 1.909 2.016 2.123 2.191 2.247 2.306 2.355 2.415 2.486 2.511 2.531 2.510 2.484 2.443 2.386 2.245 2.221 4.081
7.500 90.000 0.739 0.914 1.129 1.258 1.417 1.625 1.746 1.893 2.001 2.107 2.175 2.228 2.286 2.334 2.393 2.460 2.483 2.497 2.474 2.448 2.406 2.349 2.208 2.185 4.058
7.500 100.000 0.729 0.904 1.118 1.246 1.404 1.612 1.732 1.879 1.986 2.092 2.159 2.211 2.268 2.314 2.371 2.434 2.455 2.465 2.440 2.413 2.372 2.313 2.174 2.151 4.037
7.500 110.000 0.719 0.893 1.107 1.235 1.392 1.599 1.718 1.865 1.972 2.077 2.143 2.193 2.249 2.294 2.349 2.407 2.425 2.431 2.404 2.377 2.335 2.276 2.139 2.116 4.019
7.500 120.000 0.710 0.884 1.096 1.224 1.380 1.587 1.705 1.852 1.958 2.063 2.127 2.176 2.231 2.274 2.326 2.380 2.396 2.398 2.370 2.342 2.300 2.240 2.105 2.082 4.001
7.500 130.000 0.699 0.872 1.084 1.211 1.366 1.573 1.690 1.837 1.942 2.046 2.109 2.157 2.210 2.251 2.301 2.351 2.364 2.362 2.333 2.305 2.264 2.203 2.071 2.048 3.983
7.500 140.000 0.687 0.859 1.070 1.197 1.351 1.559 1.675 1.821 1.926 2.029 2.091 2.137 2.189 2.229 2.276 2.322 2.332 2.327 2.297 2.268 2.227 2.166 2.037 2.015 3.964
7.500 150.000 0.674 0.846 1.056 1.183 1.336 1.544 1.659 1.804 1.909 2.011 2.072 2.116 2.167 2.205 2.250 2.291 2.299 2.290 2.259 2.230 2.190 2.129 2.003 1.981 3.948
7.500 175.000 0.643 0.814 1.022 1.148 1.299 1.506 1.620 1.764 1.867 1.966 2.024 2.064 2.112 2.145 2.184 2.214 2.216 2.200 2.167 2.139 2.100 2.040 1.923 1.902 3.904
7.500 200.000 0.611 0.782 0.988 1.114 1.263 1.470 1.582 1.724 1.826 1.922 1.978 2.014 2.059 2.088 2.121 2.142 2.138 2.116 2.082 2.055 2.018 1.959 1.849 1.829 3.861
7.500 250.000 0.556 0.725 0.929 1.053 1.199 1.404 1.513 1.653 1.752 1.842 1.892 1.920 1.959 1.978 1.999 2.003 1.988 1.958 1.923 1.900 1.866 1.812 1.719 1.700 3.777
7.500 300.000 0.511 0.679 0.880 1.003 1.145 1.349 1.454 1.591 1.687 1.772 1.816 1.836 1.867 1.877 1.886 1.873 1.849 1.814 1.779 1.760 1.731 1.682 1.605 1.587 3.706
7.500 350.000 0.467 0.634 0.832 0.955 1.093 1.296 1.397 1.531 1.624 1.702 1.740 1.752 1.777 1.778 1.776 1.748 1.715 1.678 1.645 1.631 1.606 1.563 1.501 1.484 3.640
7.500 400.000 0.426 0.592 0.789 0.910 1.045 1.246 1.345 1.476 1.564 1.636 1.668 1.672 1.690 1.682 1.670 1.628 1.589 1.552 1.521 1.512 1.492 1.455 1.406 1.390 3.579
7.500 450.000 0.386 0.550 0.745 0.866 0.997 1.198 1.293 1.421 1.506 1.571 1.597 1.593 1.604 1.588 1.566 1.513 1.467 1.433 1.406 1.401 1.384 1.354 1.317 1.301 3.517
7.500 500.000 0.347 0.511 0.705 0.825 0.953 1.152 1.244 1.368 1.449 1.509 1.528 1.517 1.521 1.497 1.466 1.403 1.352 1.322 1.297 1.296 1.284 1.259 1.232 1.217 3.459
7.500 600.000 0.283 0.445 0.636 0.754 0.877 1.071 1.156 1.272 1.344 1.387 1.391 1.364 1.353 1.310 1.260 1.180 1.119 1.104 1.088 1.098 1.094 1.081 1.073 1.059 3.355
7.500 700.000 0.217 0.378 0.568 0.684 0.801 0.992 1.071 1.180 1.244 1.273 1.266 1.225 1.202 1.147 1.082 0.991 0.923 0.919 0.907 0.922 0.922 0.920 0.924 0.909 3.255
7.500 800.000 0.160 0.320 0.508 0.623 0.733 0.920 0.993 1.094 1.148 1.163 1.143 1.088 1.054 0.986 0.908 0.808 0.735 0.745 0.740 0.759 0.762 0.771 0.785 0.769 3.164
7.500 1000.000 0.041 0.201 0.386 0.497 0.597 0.778 0.837 0.923 0.960 0.948 0.905 0.826 0.773 0.684 0.587 0.477 0.392 0.426 0.428 0.448 0.454 0.481 0.511 0.491 3.006
7.500 1200.000 -0.061 0.099 0.281 0.390 0.478 0.651 0.697 0.765 0.784 0.743 0.677 0.576 0.504 0.398 0.286 0.169 0.074 0.130 0.137 0.156 0.164 0.207 0.247 0.225 2.845
7.500 1500.000 -0.208 -0.049 0.130 0.234 0.306 0.465 0.490 0.529 0.519 0.436 0.338 0.206 0.110 -0.020 -0.149 -0.275 -0.388 -0.303 -0.292 -0.281 -0.273 -0.207 -0.151 -0.179 2.619
7.800 0.000 1.455 1.619 1.824 1.943 2.100 2.284 2.399 2.538 2.637 2.745 2.819 2.887 2.951 3.013 3.092 3.192 3.245 3.290 3.285 3.268 3.229 3.182 3.034 3.010 4.753
7.800 1.000 1.445 1.608 1.813 1.931 2.089 2.273 2.389 2.526 2.627 2.733 2.808 2.873 2.939 3.001 3.079 3.179 3.231 3.275 3.269 3.251 3.213 3.162 3.009 2.986 4.741
7.800 5.000 1.401 1.565 1.768 1.887 2.049 2.232 2.349 2.483 2.584 2.686 2.762 2.824 2.890 2.951 3.028 3.126 3.175 3.222 3.216 3.197 3.161 3.109 2.953 2.929 4.707
7.800 10.000 1.342 1.506 1.708 1.827 1.993 2.175 2.293 2.424 2.526 2.624 2.700 2.759 2.826 2.885 2.960 3.056 3.103 3.153 3.149 3.131 3.095 3.046 2.890 2.864 4.656
7.800 15.000 1.286 1.449 1.650 1.769 1.936 2.118 2.236 2.366 2.468 2.564 2.641 2.698 2.765 2.823 2.896 2.991 3.036 3.087 3.083 3.065 3.029 2.981 2.824 2.798 4.601
7.800 20.000 1.235 1.398 1.598 1.718 1.884 2.065 2.184 2.313 2.415 2.511 2.587 2.643 2.709 2.767 2.838 2.932 2.974 3.024 3.019 3.000 2.964 2.916 2.760 2.734 4.552
7.800 25.000 1.188 1.351 1.551 1.670 1.836 2.017 2.135 2.265 2.366 2.462 2.537 2.594 2.659 2.716 2.786 2.878 2.918 2.967 2.960 2.941 2.904 2.856 2.700 2.674 4.506
7.800 30.000 1.146 1.309 1.508 1.627 1.792 1.973 2.091 2.220 2.321 2.418 2.492 2.548 2.613 2.669 2.738 2.829 2.867 2.914 2.906 2.886 2.849 2.801 2.646 2.620 4.464
7.800 40.000 1.072 1.234 1.433 1.551 1.712 1.894 2.010 2.140 2.241 2.339 2.412 2.468 2.532 2.586 2.654 2.741 2.776 2.819 2.809 2.787 2.749 2.699 2.548 2.522 4.388
7.800 50.000 1.016 1.177 1.375 1.493 1.652 1.834 1.949 2.080 2.180 2.278 2.350 2.406 2.469 2.522 2.587 2.672 2.704 2.743 2.730 2.708 2.669 2.618 2.469 2.444 4.330
7.800 60.000 0.980 1.141 1.338 1.455 1.612 1.794 1.909 2.040 2.140 2.238 2.309 2.365 2.427 2.479 2.542 2.625 2.655 2.690 2.675 2.652 2.612 2.561 2.413 2.388 4.288
7.800 70.000 0.961 1.120 1.316 1.433 1.587 1.770 1.883 2.015 2.115 2.214 2.284 2.340 2.401 2.452 2.514 2.593 2.622 2.650 2.633 2.609 2.567 2.514 2.366 2.342 4.254
7.800 80.000 0.949 1.108 1.303 1.420 1.572 1.756 1.867 1.999 2.099 2.198 2.267 2.321 2.382 2.432 2.492 2.567 2.594 2.617 2.597 2.573 2.530 2.475 2.328 2.304 4.228
7.800 90.000 0.940 1.098 1.292 1.409 1.559 1.743 1.854 1.985 2.085 2.184 2.252 2.305 2.364 2.413 2.472 2.543 2.568 2.586 2.564 2.538 2.496 2.439 2.294 2.270 4.206
7.800 100.000 0.930 1.089 1.282 1.398 1.547 1.731 1.841 1.972 2.072 2.170 2.237 2.289 2.348 2.395 2.452 2.519 2.542 2.556 2.533 2.506 2.463 2.405 2.261 2.238 4.186
7.800 110.000 0.921 1.079 1.271 1.387 1.535 1.719 1.828 1.959 2.059 2.156 2.222 2.273 2.330 2.376 2.431 2.494 2.514 2.523 2.498 2.471 2.428 2.369 2.227 2.204 4.169
7.800 120.000 0.912 1.070 1.261 1.377 1.524 1.708 1.816 1.947 2.046 2.142 2.208 2.256 2.312 2.357 2.410 2.469 2.487 2.491 2.465 2.437 2.394 2.335 2.195 2.172 4.153
7.800 130.000 0.902 1.059 1.249 1.365 1.511 1.695 1.802 1.933 2.031 2.127 2.191 2.238 2.293 2.336 2.386 2.441 2.456 2.458 2.430 2.401 2.359 2.299 2.162 2.140 4.136
7.800 140.000 0.890 1.047 1.237 1.352 1.498 1.682 1.788 1.918 2.016 2.111 2.174 2.220 2.273 2.314 2.362 2.413 2.426 2.423 2.394 2.366 2.324 2.264 2.130 2.108 4.119
7.800 150.000 0.879 1.035 1.224 1.339 1.484 1.668 1.773 1.903 2.000 2.094 2.156 2.200 2.253 2.292 2.338 2.384 2.394 2.388 2.358 2.330 2.289 2.228 2.098 2.076 4.104
7.800 175.000 0.849 1.005 1.192 1.307 1.449 1.633 1.737 1.865 1.962 2.053 2.112 2.152 2.202 2.236 2.276 2.312 2.316 2.303 2.271 2.244 2.204 2.144 2.022 2.001 4.063
7.800 200.000 0.820 0.975 1.161 1.275 1.416 1.599 1.702 1.829 1.924 2.013 2.070 2.106 2.152 2.183 2.217 2.243 2.242 2.223 2.189 2.163 2.124 2.066 1.952 1.932 4.023
7.800 250.000 0.768 0.921 1.105 1.218 1.355 1.538 1.637 1.761 1.854 1.937 1.988 2.016 2.055 2.076 2.099 2.107 2.095 2.068 2.034 2.012 1.977 1.924 1.829 1.811 3.951
7.800 300.000 0.724 0.876 1.057 1.170 1.303 1.485 1.581 1.703 1.792 1.869 1.914 1.934 1.967 1.979 1.990 1.981 1.960 1.927 1.894 1.876 1.846 1.798 1.720 1.703 3.884
7.800 350.000 0.682 0.833 1.012 1.124 1.254 1.435 1.527 1.646 1.732 1.803 1.842 1.854 1.880 1.883 1.883 1.860 1.830 1.796 1.764 1.751 1.726 1.684 1.621 1.605 3.824
7.800 400.000 0.643 0.794 0.971 1.082 1.208 1.388 1.477 1.594 1.676 1.741 1.774 1.778 1.798 1.792 1.781 1.745 1.709 1.675 1.645 1.638 1.617 1.581 1.532 1.516 3.768
7.800 450.000 0.604 0.754 0.930 1.040 1.163 1.342 1.428 1.541 1.620 1.679 1.706 1.703 1.716 1.701 1.681 1.634 1.591 1.559 1.532 1.529 1.512 1.483 1.445 1.430 3.711
7.800 500.000 0.567 0.717 0.891 1.001 1.121 1.298 1.382 1.492 1.567 1.619 1.640 1.630 1.636 1.614 1.584 1.527 1.478 1.450 1.426 1.427 1.413 1.389 1.362 1.347 3.659
7.800 600.000 0.506 0.654 0.827 0.934 1.049 1.222 1.299 1.401 1.466 1.503 1.509 1.482 1.474 1.434 1.385 1.311 1.253 1.240 1.225 1.237 1.232 1.221 1.213 1.199 3.560
7.800 700.000 0.442 0.589 0.760 0.866 0.975 1.146 1.216 1.311 1.369 1.392 1.387 1.346 1.326 1.273 1.210 1.125 1.061 1.059 1.049 1.066 1.065 1.063 1.067 1.052 3.467
7.800 800.000 0.388 0.535 0.704 0.808 0.911 1.078 1.141 1.228 1.277 1.286 1.267 1.213 1.181 1.115 1.039 0.946 0.876 0.889 0.885 0.905 0.908 0.917 0.932 0.915 3.381
7.800 1000.000 0.275 0.420 0.587 0.689 0.780 0.940 0.991 1.062 1.094 1.075 1.033 0.955 0.904 0.818 0.723 0.620 0.540 0.576 0.579 0.601 0.607 0.634 0.664 0.644 3.234
7.800 1200.000 0.174 0.320 0.484 0.582 0.663 0.816 0.853 0.907 0.921 0.875 0.812 0.712 0.645 0.543 0.433 0.324 0.234 0.291 0.298 0.318 0.325 0.367 0.406 0.383 3.080
7.800 1500.000 0.031 0.176 0.337 0.431 0.494 0.634 0.651 0.676 0.662 0.575 0.480 0.351 0.259 0.135 0.010 -0.108 -0.217 -0.132 -0.121 -0.109 -0.103 -0.037 0.017 -0.012 2.866
8.000 0.000 1.541 1.693 1.884 1.995 2.144 2.313 2.422 2.551 2.647 2.750 2.824 2.891 2.955 3.017 3.095 3.196 3.250 3.294 3.289 3.273 3.233 3.185 3.036 3.012 4.798
8.000 1.000 1.531 1.683 1.873 1.984 2.134 2.303 2.412 2.540 2.636 2.738 2.813 2.878 2.944 3.005 3.083 3.183 3.236 3.280 3.274 3.256 3.217 3.165 3.011 2.987 4.784
8.000 5.000 1.490 1.642 1.830 1.942 2.095 2.264 2.374 2.499 2.596 2.694 2.770 2.831 2.898 2.958 3.035 3.134 3.184 3.230 3.224 3.205 3.168 3.115 2.957 2.933 4.753
8.000 10.000 1.437 1.589 1.777 1.888 2.046 2.213 2.325 2.447 2.544 2.638 2.714 2.773 2.840 2.899 2.972 3.070 3.117 3.167 3.162 3.144 3.108 3.059 2.901 2.876 4.710
8.000 15.000 1.385 1.537 1.724 1.835 1.995 2.162 2.274 2.394 2.492 2.584 2.661 2.718 2.784 2.842 2.914 3.011 3.055 3.107 3.103 3.084 3.048 3.000 2.842 2.816 4.661
8.000 20.000 1.338 1.490 1.676 1.787 1.947 2.114 2.226 2.346 2.443 2.534 2.611 2.667 2.733 2.790 2.861 2.956 2.999 3.050 3.045 3.026 2.990 2.942 2.784 2.758 4.617
8.000 25.000 1.295 1.446 1.632 1.744 1.902 2.069 2.181 2.301 2.398 2.489 2.565 2.621 2.686 2.743 2.812 2.906 2.947 2.997 2.991 2.972 2.935 2.888 2.730 2.704 4.577
8.000 30.000 1.256 1.407 1.592 1.704 1.861 2.028 2.139 2.259 2.356 2.448 2.523 2.579 2.644 2.700 2.768 2.861 2.900 2.949 2.942 2.922 2.885 2.837 2.680 2.654 4.539
8.000 40.000 1.186 1.336 1.521 1.632 1.787 1.954 2.063 2.184 2.281 2.374 2.447 2.503 2.567 2.621 2.688 2.778 2.814 2.859 2.849 2.828 2.790 2.741 2.587 2.561 4.470
8.000 50.000 1.134 1.284 1.468 1.578 1.731 1.898 2.007 2.128 2.225 2.318 2.390 2.446 2.509 2.562 2.627 2.714 2.748 2.788 2.777 2.755 2.716 2.666 2.514 2.488 4.416
8.000 60.000 1.099 1.249 1.432 1.542 1.693 1.860 1.969 2.090 2.186 2.280 2.352 2.407 2.469 2.522 2.585 2.669 2.701 2.738 2.724 2.702 2.662 2.611 2.460 2.435 4.377
8.000 70.000 1.081 1.230 1.412 1.522 1.670 1.839 1.945 2.067 2.164 2.258 2.329 2.383 2.445 2.497 2.559 2.640 2.670 2.700 2.684 2.661 2.619 2.566 2.416 2.391 4.345
8.000 80.000 1.071 1.219 1.400 1.510 1.656 1.825 1.931 2.053 2.149 2.243 2.313 2.367 2.428 2.478 2.538 2.616 2.644 2.669 2.651 2.626 2.584 2.529 2.379 2.355 4.321
8.000 90.000 1.061 1.209 1.390 1.499 1.644 1.813 1.918 2.040 2.136 2.229 2.299 2.351 2.411 2.460 2.519 2.593 2.619 2.639 2.619 2.594 2.551 2.495 2.346 2.322 4.300
8.000 100.000 1.053 1.200 1.380 1.489 1.632 1.802 1.905 2.028 2.123 2.217 2.285 2.336 2.396 2.443 2.501 2.571 2.595 2.610 2.588 2.562 2.519 2.462 2.315 2.291 4.280
8.000 110.000 1.044 1.191 1.369 1.478 1.621 1.790 1.893 2.015 2.110 2.203 2.270 2.320 2.378 2.425 2.480 2.546 2.568 2.579 2.555 2.528 2.485 2.427 2.282 2.258 4.264
8.000 120.000 1.035 1.182 1.360 1.468 1.610 1.779 1.882 2.003 2.098 2.190 2.256 2.305 2.362 2.407 2.460 2.522 2.541 2.548 2.523 2.495 2.452 2.393 2.250 2.227 4.248
8.000 130.000 1.025 1.171 1.349 1.457 1.598 1.767 1.869 1.990 2.084 2.176 2.241 2.288 2.343 2.386 2.437 2.495 2.512 2.515 2.489 2.461 2.418 2.358 2.218 2.196 4.233
8.000 140.000 1.014 1.160 1.337 1.445 1.585 1.754 1.855 1.976 2.070 2.160 2.225 2.270 2.325 2.366 2.414 2.468 2.482 2.482 2.454 2.426 2.384 2.324 2.187 2.165 4.217
8.000 150.000 1.003 1.149 1.325 1.433 1.572 1.742 1.842 1.962 2.056 2.145 2.208 2.252 2.305 2.345 2.391 2.440 2.452 2.448 2.420 2.392 2.350 2.290 2.157 2.135 4.203
8.000 175.000 0.974 1.120 1.294 1.402 1.539 1.708 1.807 1.926 2.018 2.105 2.166 2.205 2.256 2.291 2.331 2.371 2.376 2.366 2.335 2.308 2.267 2.209 2.084 2.063 4.164
8.000 200.000 0.947 1.092 1.265 1.372 1.507 1.676 1.773 1.892 1.983 2.067 2.125 2.161 2.209 2.240 2.275 2.305 2.305 2.288 2.255 2.229 2.190 2.132 2.015 1.995 4.126
8.000 250.000 0.897 1.041 1.212 1.318 1.450 1.618 1.712 1.827 1.916 1.995 2.047 2.074 2.115 2.137 2.160 2.171 2.160 2.135 2.102 2.081 2.046 1.994 1.897 1.879 4.060
8.000 300.000 0.853 0.996 1.164 1.270 1.398 1.566 1.657 1.770 1.855 1.928 1.974 1.994 2.028 2.041 2.052 2.047 2.027 1.997 1.964 1.947 1.917 1.870 1.791 1.774 3.997
8.000 350.000 0.813 0.955 1.121 1.226 1.351 1.518 1.606 1.716 1.798 1.865 1.905 1.917 1.944 1.948 1.949 1.929 1.901 1.869 1.838 1.827 1.801 1.760 1.697 1.681 3.941
8.000 400.000 0.775 0.916 1.081 1.185 1.307 1.473 1.558 1.665 1.744 1.805 1.839 1.843 1.864 1.859 1.850 1.817 1.782 1.751 1.722 1.716 1.694 1.660 1.610 1.595 3.889
8.000 450.000 0.737 0.878 1.042 1.145 1.264 1.429 1.510 1.615 1.690 1.745 1.773 1.770 1.785 1.772 1.752 1.708 1.667 1.637 1.611 1.608 1.591 1.562 1.524 1.509 3.837
8.000 500.000 0.702 0.842 1.005 1.107 1.223 1.387 1.465 1.567 1.639 1.687 1.709 1.699 1.707 1.686 1.657 1.603 1.556 1.529 1.506 1.507 1.494 1.470 1.442 1.428 3.788
8.000 600.000 0.643 0.782 0.943 1.044 1.154 1.314 1.386 1.479 1.542 1.574 1.582 1.555 1.548 1.510 1.462 1.391 1.336 1.325 1.311 1.324 1.319 1.307 1.299 1.285 3.691
8.000 700.000 0.580 0.719 0.878 0.978 1.082 1.240 1.305 1.392 1.446 1.466 1.461 1.421 1.403 1.351 1.289 1.208 1.146 1.146 1.137 1.155 1.154 1.153 1.157 1.142 3.604
8.000 800.000 0.528 0.665 0.823 0.921 1.019 1.173 1.232 1.311 1.357 1.362 1.345 1.291 1.262 1.198 1.123 1.033 0.965 0.977 0.973 0.994 0.996 1.006 1.020 1.003 3.520
8.000 1000.000 0.418 0.555 0.710 0.805 0.892 1.040 1.086 1.149 1.178 1.155 1.116 1.038 0.990 0.907 0.813 0.714 0.637 0.673 0.676 0.699 0.704 0.731 0.759 0.739 3.381
8.000 1200.000 0.319 0.456 0.609 0.701 0.776 0.917 0.950 0.996 1.007 0.957 0.896 0.798 0.733 0.633 0.526 0.421 0.334 0.391 0.398 0.419 0.426 0.467 0.506 0.482 3.232
8.000 1500.000 0.178 0.314 0.464 0.551 0.609 0.737 0.749 0.768 0.752 0.663 0.572 0.446 0.359 0.238 0.115 0.001 -0.104 -0.021 -0.012 0.000 0.006 0.070 0.122 0.093 3.026
8.200 0.000 1.622 1.763 1.941 2.044 2.186 2.342 2.444 2.565 2.656 2.755 2.829 2.894 2.958 3.019 3.096 3.195 3.248 3.291 3.286 3.271 3.232 3.184 3.036 3.012 4.841
8.200 1.000 1.610 1.751 1.928 2.032 2.174 2.330 2.433 2.552 2.645 2.743 2.817 2.881 2.946 3.006 3.083 3.183 3.236 3.278 3.272 3.255 3.216 3.165 3.011 2.988 4.825
8.200 5.000 1.571 1.712 1.887 1.991 2.137 2.292 2.397 2.513 2.607 2.701 2.776 2.837 2.904 2.963 3.038 3.137 3.188 3.233 3.227 3.208 3.171 3.118 2.960 2.936 4.795
8.200 10.000 1.524 1.665 1.840 1.944 2.094 2.248 2.353 2.467 2.561 2.651 2.727 2.786 2.852 2.910 2.983 3.081 3.128 3.178 3.173 3.155 3.118 3.069 2.911 2.885 4.760
8.200 15.000 1.477 1.619 1.792 1.896 2.049 2.202 2.308 2.421 2.514 2.603 2.679 2.736 2.802 2.860 2.931 3.028 3.072 3.124 3.120 3.101 3.064 3.017 2.857 2.831 4.720
8.200 20.000 1.433 1.575 1.748 1.852 2.005 2.158 2.264 2.376 2.469 2.557 2.633 2.689 2.755 2.811 2.881 2.977 3.020 3.071 3.067 3.048 3.011 2.964 2.804 2.778 4.681
8.200 25.000 1.394 1.535 1.708 1.812 1.964 2.117 2.223 2.335 2.428 2.515 2.591 2.646 2.712 2.768 2.836 2.931 2.972 3.023 3.018 3.000 2.962 2.916 2.757 2.731 4.645
8.200 30.000 1.358 1.498 1.670 1.774 1.926 2.079 2.184 2.296 2.389 2.477 2.552 2.607 2.673 2.728 2.796 2.890 2.929 2.979 2.973 2.954 2.917 2.870 2.712 2.685 4.612
8.200 40.000 1.292 1.432 1.604 1.708 1.856 2.010 2.114 2.226 2.319 2.408 2.481 2.536 2.601 2.655 2.721 2.812 2.849 2.895 2.886 2.866 2.828 2.780 2.624 2.598 4.549
8.200 50.000 1.243 1.383 1.554 1.658 1.805 1.959 2.062 2.174 2.267 2.356 2.429 2.483 2.547 2.599 2.664 2.752 2.787 2.829 2.819 2.799 2.759 2.711 2.556 2.530 4.499
8.200 60.000 1.210 1.349 1.520 1.622 1.769 1.922 2.025 2.138 2.231 2.319 2.392 2.446 2.509 2.561 2.624 2.710 2.743 2.782 2.770 2.749 2.708 2.658 2.505 2.479 4.464
8.200 70.000 1.194 1.333 1.502 1.605 1.748 1.903 2.004 2.118 2.210 2.300 2.371 2.425 2.488 2.539 2.600 2.683 2.714 2.746 2.732 2.709 2.667 2.616 2.463 2.438 4.434
8.200 80.000 1.184 1.323 1.491 1.593 1.735 1.890 1.991 2.104 2.197 2.286 2.357 2.410 2.471 2.521 2.581 2.660 2.689 2.716 2.700 2.676 2.633 2.580 2.428 2.403 4.411
8.200 90.000 1.175 1.313 1.481 1.583 1.723 1.879 1.978 2.092 2.184 2.273 2.343 2.395 2.456 2.505 2.563 2.639 2.666 2.688 2.669 2.645 2.601 2.547 2.396 2.371 4.390
8.200 100.000 1.167 1.305 1.471 1.573 1.712 1.868 1.967 2.080 2.172 2.261 2.330 2.381 2.441 2.489 2.546 2.618 2.643 2.661 2.640 2.614 2.571 2.515 2.365 2.341 4.372
8.200 110.000 1.158 1.295 1.461 1.563 1.701 1.857 1.955 2.068 2.160 2.248 2.316 2.366 2.424 2.471 2.526 2.594 2.617 2.630 2.608 2.581 2.538 2.481 2.333 2.310 4.356
8.200 120.000 1.150 1.287 1.452 1.554 1.691 1.847 1.944 2.057 2.148 2.236 2.303 2.351 2.409 2.453 2.507 2.570 2.591 2.601 2.577 2.549 2.506 2.448 2.303 2.280 4.341
8.200 130.000 1.140 1.277 1.441 1.543 1.679 1.835 1.932 2.044 2.135 2.222 2.288 2.334 2.391 2.434 2.485 2.544 2.562 2.568 2.543 2.515 2.473 2.414 2.272 2.249 4.326
8.200 140.000 1.130 1.266 1.430 1.532 1.667 1.823 1.919 2.031 2.122 2.208 2.273 2.317 2.373 2.414 2.463 2.518 2.534 2.536 2.509 2.482 2.439 2.381 2.242 2.219 4.312
8.200 150.000 1.120 1.256 1.419 1.521 1.655 1.811 1.906 2.018 2.108 2.194 2.257 2.301 2.355 2.395 2.441 2.492 2.505 2.504 2.476 2.449 2.407 2.348 2.212 2.191 4.299
8.200 175.000 1.092 1.227 1.389 1.490 1.623 1.779 1.873 1.983 2.072 2.155 2.216 2.256 2.307 2.343 2.383 2.425 2.432 2.424 2.394 2.368 2.327 2.269 2.143 2.121 4.262
8.200 200.000 1.066 1.201 1.362 1.462 1.593 1.749 1.841 1.951 2.039 2.120 2.178 2.214 2.262 2.294 2.329 2.361 2.363 2.348 2.317 2.291 2.251 2.195 2.076 2.056 4.225
8.200 250.000 1.019 1.153 1.312 1.411 1.539 1.694 1.783 1.890 1.975 2.050 2.102 2.130 2.171 2.193 2.217 2.230 2.221 2.198 2.166 2.145 2.110 2.059 1.962 1.944 4.165
8.200 300.000 0.975 1.108 1.265 1.364 1.488 1.643 1.729 1.834 1.916 1.985 2.032 2.051 2.086 2.099 2.112 2.109 2.091 2.063 2.032 2.016 1.985 1.940 1.860 1.843 4.106
8.200 350.000 0.936 1.068 1.223 1.322 1.443 1.597 1.680 1.782 1.861 1.924 1.965 1.977 2.005 2.009 2.011 1.994 1.968 1.938 1.908 1.898 1.872 1.833 1.769 1.753 4.055
8.200 400.000 0.899 1.031 1.185 1.283 1.401 1.554 1.634 1.733 1.809 1.866 1.900 1.905 1.926 1.922 1.914 1.884 1.851 1.822 1.794 1.789 1.768 1.734 1.685 1.670 4.006
8.200 450.000 0.863 0.995 1.147 1.244 1.359 1.512 1.589 1.685 1.757 1.809 1.837 1.835 1.850 1.838 1.819 1.777 1.738 1.709 1.684 1.683 1.665 1.637 1.599 1.584 3.959
8.200 500.000 0.829 0.960 1.112 1.208 1.320 1.471 1.545 1.639 1.707 1.752 1.775 1.765 1.774 1.754 1.725 1.674 1.629 1.604 1.581 1.584 1.571 1.548 1.520 1.506 3.912
8.200 600.000 0.773 0.903 1.052 1.147 1.253 1.402 1.469 1.555 1.614 1.643 1.652 1.625 1.619 1.582 1.535 1.468 1.415 1.406 1.392 1.407 1.402 1.391 1.383 1.369 3.819
8.200 700.000 0.712 0.841 0.990 1.083 1.183 1.329 1.390 1.469 1.521 1.536 1.533 1.493 1.475 1.425 1.364 1.286 1.227 1.229 1.221 1.241 1.240 1.239 1.244 1.229 3.737
8.200 800.000 0.661 0.790 0.937 1.029 1.123 1.265 1.320 1.391 1.434 1.435 1.419 1.365 1.336 1.274 1.200 1.115 1.050 1.063 1.060 1.083 1.085 1.095 1.109 1.093 3.657
8.200 1000.000 0.555 0.684 0.828 0.917 0.999 1.136 1.177 1.233 1.258 1.232 1.194 1.116 1.070 0.988 0.896 0.801 0.727 0.764 0.767 0.791 0.796 0.823 0.851 0.831 3.525
8.200 1200.000 0.459 0.586 0.729 0.815 0.886 1.015 1.043 1.081 1.090 1.036 0.977 0.879 0.817 0.719 0.613 0.512 0.428 0.485 0.492 0.514 0.520 0.561 0.599 0.576 3.382
8.200 1500.000 0.324 0.451 0.589 0.670 0.723 0.839 0.846 0.855 0.835 0.741 0.650 0.524 0.438 0.319 0.199 0.091 -0.012 0.075 0.085 0.099 0.105 0.169 0.220 0.191 3.183
